84483
508595
274330
38611
473
152649
493097
391287
334900
22953
285944
512587
207730
434117
564453
565445
98786
202359
278419
92389
445329
351883
97658
379731
429858
262654
466839
98335
206739
305328
102289
47902
210631
377885
510344
203133
539650
528157
29802
378930
256791
450561
319107
374739
125393
94044
524452
550778
208798
122499
280897
327450
205755
398256
507242
233558
144814
220080
547504
13131
197915
177359
17887
349083
320994
392830
395737
552991
408069
303194
132995
512499
56436
194352
443430
417086
100643
462687
257227
93383
467782
468917
398478
80185
541785
447134
493805
318202
428934
90105
201479
278732
473283
511352
180489
19441
22935
564073
129494
263336
378587
196669
268762
527157
473466
345443
541980
267138
430515
442229
508983
280952
497768
501784
515922
149091
395814
520775
320521
489958
339099
384279
170950
394309
278715
335662
417628
511703
165871
304915
6493
471185
59878
191447
31575
117589
388920
379596
521604
65299
201988
161887
282332
15543
442616
550354
515578
79502
491676
243339
105020
388930
379555
152000
255181
333788
151284
39510
102049
110552
47463
501088
485190
72349
32344
133176
87601
168882
278066
473939
523965
21268
143730
197964
462303
502439
460827
468795
289833
500623
66762
305933
381097
299966
377636
35513
87746
526810
289180
293399
287430
496081
451618
465811
389498
33463
89803
261699
250034
561513
34301
181711
352721
388485
33516
54595
219340
454068
360162
81364
165291
119574
419066
142284
486592
518553
78833
134271
77564
367422
545539
31956
194698
550945
157601
192630
295390
158336
531964
407171
233918
232360
131965
439490
171110
331873
252008
4995
405469
197285
341063
399592
551863
462362
10144
416820
556574
142880
245045
390305
285107
194143
156667
172101
140857
403385
77883
64033
12848
41808
495143
62104
120158
105010
385472
33744
62785
235707
426607
236535
307755
97216
493930
81054
61665
176802
459208
125890
117675
186438
52442
31863
445990
300969
268109
464909
243211
211960
561615
224351
291312
13751
267327
552641
347054
542548
98229
34331
379636
384974
122808
237242
29374
377870
357146
456788
54264
360718
146170
31873
10305
352525
71395
508495
2705
486151
276506
91772
286501
241402
138810
132051
439580
190676
254767
402552
449936
542710
503773
283275
265461
143417
313583
34457
201883
470202
109813
184640
113704
2717
538515
168261
125736
159371
412226
496705
509824
556579
493297
225851
407219
161847
480334
11181
354170
437877
264055
334875
139283
299664
389009
380511
234151
5616
319735
185228
86539
427450
242757
93552
203665
398881
431843
131973
154705
545055
52791
545552
550357
511762
381956
344659
408577
286266
69964
274275
137887
43213
114723
162654
529674
531109
119114
90879
90701
130944
226618
368091
354785
165936
256088
183640
192972
236533
131597
502346
480003
115880
143328
477688
205850
389128
151634
348399
276435
71597
287268
1607
64081
31327
502961
477883
333548
64260
11835
287999
106311
402727
352265
106881
391279
148856
154462
388373
491797
424065
20272
557540
158185
108921
467418
391654
13060
133708
503430
278182
73796
501452
126948
418600
208203
178198
459187
346955
267694
362708
308588
286577
474953
47962
524812
261796
3447
552556
519360
562859
267155
178539
37156
336361
14607
220046
318927
199908
161495
291571
61040
285892
317264
392411
228211
179905
2868
94481
374643
193918
366798
192179
500696
231492
498783
402985
376595
128847
91919
450817
57090
213695
460419
282328
229509
59137
505884
528192
552789
264597
546401
278538
378637
315313
446787
388953
99067
434317
170340
291113
63991
528583
333723
532384
60218
81929
117226
63717
459911
451470
559535
94987
185147
275956
368725
1256
66371
278847
324248
362597
407215
423097
81670
120420
296675
519640
468551
269549
325223
252109
15784
53352
540401
399161
160813
230312
308952
112539
276336
141883
124479
32452
418004
269748
512527
222973
73135
289053
184012
141478
161237
103627
24918
228117
343178
440257
498497
511498
473264
338574
476111
202259
185953
557767
118465
231772
146044
410139
233672
368647
488303
288017
201991
236790
28399
426643
255898
415816
125290
35964
330317
381626
523226
265397
457230
394980
318064
378153
549985
390564
59928
431221
188506
319724
303929
495149
252272
109104
483283
168207
384240
449466
491432
343558
75031
475689
453877
508941
12474
113760
67890
504438
455108
61660
27190
540150
552806
368360
380052
168386
188399
503353
557284
74038
425853
120505
31175
363599
244212
562547
264178
547315
277039
404961
378516
3087
360767
438435
314439
183511
517890
369812
39601
16455
214540
6842
46870
31865
498486
107834
435626
506977
342491
493315
212170
215706
392436
150926
115578
221896
52049
233603
282527
437940
231113
374205
498195
387583
157378
388381
292952
199641
58136
526085
209027
210552
420642
554186
48974
445508
25572
80137
85604
124612
202423
530149
103647
543511
505359
346233
195075
462313
220748
9795
231086
342062
224445
310780
157502
7440
30549
306451
110213
424675
536803
225452
217785
433072
522398
93312
454448
565660
179030
144714
209086
296534
441745
315281
420123
34317
459663
225442
205865
312077
244145
452144
380737
49923
330210
380238
374865
425895
452316
375576
555189
428465
299927
161023
270180
207257
489302
525689
181771
7860
156994
68556
234552
560587
267647
487217
12785
221351
319929
61066
41960
513608
407583
130450
367097
339934
143904
304136
565678
3647
283286
136263
282160
336568
90489
555159
367501
125765
216
254161
321535
218810
219457
72413
451651
28396
370364
331731
211286
428006
401269
56989
61913
195358
246462
549300
260409
305925
176673
268705
185208
374819
370630
299484
235493
167853
74893
132295
474589
57532
120015
84207
41673
375397
391166
468010
425121
290573
543267
250161
436445
443695
342920
468037
399434
565567
258833
52254
97923
444471
533196
410256
112221
536456
471060
348274
181490
105393
76235
103864
197035
215406
521000
254741
5796
375258
195636
46990
36589
411771
7569
296524
463900
123235
210634
504124
167319
4024
15687
497455
369475
257114
152370
464079
396880
434349
248417
343618
227231
121020
419596
486738
50451
226730
310228
285745
564631
111548
269408
237352
344693
383560
319840
287905
420734
453155
330676
470005
365244
209748
122795
435062
282407
86004
244413
366469
536086
43545
81747
119532
164863
15505
530266
357866
18432
443291
45481
132094
202272
12937
122297
288408
179260
221208
233189
109751
226775
11349
339726
417682
74704
25532
380643
165457
470955
154789
455391
291297
54710
402440
314831
492006
401
314431
306805
155128
1296
223204
311812
115040
134935
3279
390918
373737
118853
210681
363254
426759
338108
116476
201316
264271
125417
480604
450475
123214
346292
380335
253459
13898
435640
274056
128299
180753
22690
33861
15114
13053
332730
78716
461371
56668
160725
287394
290185
311923
259669
231389
261307
346308
555470
286214
164475
55039
93802
253101
489200
122205
545595
414926
563902
510020
402656
348571
137480
548534
77773
155269
288445
256367
44363
230323
333543
25511
399536
365677
352032
185230
475524
222275
119201
330447
172823
148874
201707
163311
87428
186692
504236
257781
431658
525182
13969
464245
475288
33959
126015
350464
9014
328832
494724
491141
260471
71027
439261
417091
17943
491613
151319
17804
487969
58107
1468
124286
95850
73513
174653
226182
211498
548540
204098
517431
261729
96148
98380
535995
375898
128636
114023
493175
22682
348400
245950
194190
115392
500587
269109
240164
342083
104846
224203
452684
43001
353531
85699
547965
127660
125420
368386
130541
107215
396258
65590
420858
562051
137450
306629
472793
166393
27175
244631
11517
187238
116893
145268
319245
457412
426045
88071
364346
78689
293757
252615
288611
446213
389752
227061
339369
288628
389343
124181
402919
310963
170223
263231
428644
21808
184016
346392
440322
295803
14203
445504
300891
225548
296553
210502
235897
503108
574
32387
444263
192344
467980
248238
444449
381771
509127
388880
208444
218978
561309
28031
118744
155378
533332
480478
222297
147447
516996
386538
290752
242999
494728
160595
254405
89520
207272
46566
304145
425812
327072
214862
190657
317960
100971
521645
280979
226973
519714
236111
48088
538372
244711
93218
51679
446935
445110
290619
270511
234229
525162
216100
110703
485775
465907
245945
493911
539757
473483
47188
453526
371152
201505
298242
212923
504089
169150
298473
317302
324603
535015
178565
480018
260460
265607
48630
350108
464534
356188
389473
142228
243717
295216
515436
124940
93000
75057
68530
407647
375314
504498
88727
166208
295549
53761
251185
11483
438625
56224
7854
463222
305148
563676
526266
331829
46791
552147
294449
411590
14821
192845
237717
289563
22385
8062
485837
201996
194654
477687
136387
273982
179392
9185
503823
523818
157047
26405
229927
244005
123319
440196
167383
119925
45476
201652
411096
161053
195160
513785
110031
61194
294603
90360
525965
212030
540926
242990
275736
154343
565061
391272
114780
314769
523296
242659
202134
129281
322046
359350
3083
413494
516459
191589
399564
451500
261466
458572
19575
560033
445018
21272
476516
64030
387185
47350
139763
541555
498967
470835
506350
352978
472531
177938
111165
77244
491103
480426
344781
374420
246293
444093
527486
501112
440561
199160
265363
152529
354696
402172
491968
121552
225795
63590
140174
496820
228396
162033
398428
11945
317126
278853
1771
396375
152614
318280
366980
367059
74096
316210
216058
508003
150665
225355
432381
218364
197081
56850
25869
17784
474822
200777
320498
487306
269667
3925
367860
71604
175577
66146
563530
471824
489185
62017
229372
165409
406393
18501
536353
417696
237905
218983
95469
453480
174614
103674
325471
91562
354865
460902
220490
188661
184553
116254
555549
396881
204375
103030
176155
471140
13264
119304
542160
52076
214638
433482
75595
487964
327698
151831
387751
368810
174869
481064
533065
143136
391317
78561
357616
317278
335918
309159
93409
444458
100987
508129
378808
459192
239847
404765
252773
125600
211189
452746
180734
180148
408912
224872
29971
444510
39797
96026
61968
468437
335864
72952
116092
140934
41348
537734
106599
311395
3079
2121
556548
203369
345607
178942
95342
3559
171612
524186
351722
52406
282437
259263
240183
3705
476738
424906
479048
558661
246314
80259
363616
30033
127294
283593
460003
209843
302056
530844
376485
425367
368395
357713
28900
194645
254172
292508
247536
554863
119742
435228
513690
279011
528098
205638
373015
73527
27279
264477
269447
235407
513569
327663
517047
163700
66666
144700
21790
353573
536865
166167
529040
501678
478665
169853
151908
435402
488956
254664
539691
205820
417643
535812
355894
12494
530594
1328
466176
342088
536297
312774
101993
261770
518048
432267
80788
368560
305223
338403
162944
84398
355159
125920
49635
386835
40610
372266
395915
215959
480996
4077
555216
431739
257255
557400
285157
45411
100055
405977
178839
377747
142768
218287
344318
13623
238196
98972
345546
406682
566324
418290
11728
198994
437626
105186
168824
127057
45179
440347
428782
426397
82666
401152
163962
215995
410242
95705
350772
204957
353211
59647
284732
536013
374990
430347
140223
464233
447892
301669
206777
464513
483112
74386
348532
283872
179190
203636
494429
322173
525271
348422
430328
76224
458468
490043
520134
513840
154652
494772
267297
42832
113489
316671
293666
479573
1297
318432
104046
307977
323900
53203
378806
110073
114142
97457
322501
248006
397373
464921
515999
95764
362913
360205
239981
386822
166094
351513
13914
424070
384893
345222
341772
383742
466739
452888
131952
56794
263364
174836
185854
548901
126861
218162
551704
94091
246428
443829
314684
142883
340989
464243
64639
278701
209208
164149
348765
73358
549735
4936
194528
224424
523048
198464
90573
322288
261194
227514
494596
400835
267669
143945
286639
186865
396027
515275
401306
101567
232508
180562
159386
59077
324335
357291
7494
84380
463972
368616
319204
493883
295765
529844
240821
71752
163983
180162
259056
264359
191837
41192
132870
375460
269187
457091
325993
161625
63846
14939
232472
462744
58031
503556
120696
250028
18767
238402
156129
199616
138467
42920
275933
192249
173025
45294
508017
147971
252897
465658
507673
525909
151809
270790
542287
366190
231072
429044
149547
420417
113626
347644
101245
224486
86670
256410
311411
498820
150600
328585
125990
142598
349028
339113
286208
160336
186346
442203
485819
178946
319874
52045
509009
107069
126383
517565
112630
343702
253622
18971
25742
198913
275859
276219
135813
125987
426797
218808
388993
519987
528352
295317
140583
221829
488218
411724
58191
91083
10971
233041
199431
293086
446873
90550
340988
38424
349445
44542
330128
125982
293220
133378
363078
312401
248743
457269
319632
55765
22423
301918
544033
361385
431467
465071
409739
398917
445732
548370
381515
99318
507643
42494
124631
172106
242710
118943
50939
236569
306489
336021
199057
201301
36888
268732
9733
134001
310388
360374
231665
244117
30427
529818
433732
538710
14031
138042
100816
40537
60112
291719
440377
191207
60234
515562
229153
465786
46446
118805
114475
397134
386022
285386
317595
123017
332218
384147
255796
365969
76309
295380
101447
2690
338147
136429
136815
238745
444462
271794
53190
264631
335513
289552
487780
316423
443067
344606
429721
395081
85477
420715
205264
119408
206013
93912
321086
472224
273232
284563
93113
34745
159361
196643
119768
235902
233067
246531
337298
322884
1007
427174
256514
140727
382754
504320
478306
3751
56593
22656
101731
82974
187093
558902
301718
235803
117856
261284
434878
263273
151806
411635
111326
187831
446908
364895
430565
394522
405361
318189
255515
149642
7372
305943
108165
209685
225488
387641
160466
340685
507981
485283
554904
256319
374513
188987
415698
85785
415484
204184
178110
213072
515400
136986
455705
477888
221136
72633
490404
199606
347542
138920
271836
255553
22864
487477
396812
4199
400760
205452
45386
331366
331130
191489
225062
92990
181328
17516
123266
210835
485213
546790
335645
468313
462358
422857
51171
91184
72012
508818
244718
272499
411310
418354
294704
357282
322757
530960
391725
88459
270283
102934
141823
29396
564493
436377
143450
118398
78199
542973
566310
62061
461911
426447
526880
119642
552407
118133
436473
145951
320672
422097
531507
215505
445475
421942
419303
415502
46423
23188
486356
552858
372448
504319
368372
382850
450750
60722
123926
2309
223724
431440
382835
219425
297261
89719
281329
110388
302832
468967
121601
529956
13387
393638
206823
117883
464038
257949
259567
350290
235221
460375
539198
485093
94272
277139
21278
437966
196710
400538
78710
223721
43851
261073
373886
319112
304762
257156
322184
523223
465213
160153
246409
131478
139952
775
356947
97251
54131
337666
176706
239623
115516
565094
221200
170406
174689
235769
298378
105551
435231
153337
341541
245101
216003
277680
142439
554812
2450
304967
507538
64569
138383
447968
305760
560837
348612
489029
408271
376267
564159
544427
279462
469589
104860
16789
389494
457759
433789
418920
199441
32556
224456
481553
32320
202389
111567
512009
42515
215370
489688
390005
481967
40068
505966
234112
444683
254297
117255
32906
119293
234113
75281
495221
383014
471555
100673
536339
404042
35183
278345
191793
279765
457486
293281
388351
274254
101379
478877
117031
85234
9600
222001
89731
425308
460043
502042
185304
552805
558125
331736
405611
173601
82763
477153
95620
562856
295309
129852
401712
436872
128056
540399
43483
350919
118052
161597
448605
351593
379550
191531
530742
374666
372301
23857
159915
208195
149296
23925
72855
527286
315805
469875
484680
138400
538312
454766
547466
552680
495849
266066
191028
561288
484054
413133
482636
281689
498119
396252
191454
372280
380993
469065
428836
444770
251018
282847
254245
524358
153651
563713
440217
453205
278599
497839
262625
342895
386173
386705
379031
555077
115596
115528
259148
566006
543606
70831
396171
372797
431566
455174
415180
108769
70483
327650
462428
256240
48687
150603
279717
226092
330349
124258
166387
451238
63658
331179
307788
311299
107306
5846
357060
116884
237163
402035
316861
469250
261750
517568
5681
204572
512138
397003
24061
565610
73325
463453
69806
303728
141689
48214
554098
81982
162725
285434
274047
385057
8826
194380
364421
154633
505011
100397
561082
306350
268946
556079
392023
386782
60668
486802
526441
61578
415673
344858
128213
206214
172332
343213
483077
539828
85390
95899
464423
368614
237839
562389
324992
496889
76099
417718
212389
194522
82925
386415
73543
167592
436830
142155
288326
280929
142129
44025
272854
372537
425568
415898
59472
501764
313697
527809
391722
470995
562427
86996
205047
244033
241592
441668
340160
198288
160696
388100
65710
461523
557145
502329
494652
453088
431373
403873
379557
487275
146237
440224
519889
414955
142963
188202
35222
503398
356074
109653
496423
29191
98455
386957
35483
487472
117070
139454
212735
5090
236736
77779
282845
122714
511603
145180
82004
8899
519951
195438
41617
545286
46586
73486
144675
176829
516434
40272
432993
530413
489698
546691
12217
218222
249698
79009
523691
453621
25918
135358
432856
210429
39065
152720
278112
45592
340585
431819
127866
123661
315124
518219
364533
115734
146764
25180
38634
50126
297931
239977
219667
254913
51207
306603
151079
406191
26644
263294
27552
468173
420994
379121
466930
102398
75814
26377
46381
535911
219959
408652
307652
469559
525302
515194
295592
515368
552616
125329
448716
295184
90272
257479
388498
368509
329215
104471
260038
369147
61928
338493
96702
348149
532533
297532
36339
309890
24211
506928
40904
204236
60840
538958
115589
375989
379944
429387
193581
181897
31566
566034
531224
486894
94912
328736
98722
565590
545999
523677
166935
461414
400698
59297
248658
302483
257293
460930
389959
524771
154282
111795
104612
431476
81031
180725
517162
517349
356497
99594
218866
517213
517807
451834
505316
238944
304190
137489
20839
52627
461325
530802
291918
564766
563708
88798
193930
21878
174336
129345
416093
330475
481387
251289
378883
55903
401344
220223
211538
178394
185094
66862
79688
225749
279051
117671
321076
292094
384340
560164
87790
19396
93657
326388
415188
1544
28327
480933
56705
221932
336490
125140
386954
301855
122476
168059
445273
84689
468734
386100
457050
316682
120881
231057
217692
393968
320369
556800
145609
47632
508499
312450
238073
149566
429548
351323
319736
249046
421162
18645
97464
14719
310390
158664
158822
397097
320495
293722
169109
522030
122117
467890
343905
427088
479207
326858
343703
363686
112471
475652
197553
159873
54340
216389
27330
91288
373550
113254
391262
307984
553707
519457
514906
529021
209603
404657
549120
473748
392304
137445
419429
297538
356523
102078
351781
48991
463843
310081
255460
254950
40569
533192
98760
456014
65932
409099
328448
298048
384804
287067
511102
457429
310525
40850
37364
131009
317193
536848
128459
52317
77301
9639
53158
462192
469359
425465
223283
51707
508237
543813
97699
282976
92763
229227
488152
540796
528008
549812
272763
240188
252247
122459
496923
401585
24767
386036
13372
252196
389276
139542
16703
457647
463325
423633
191412
14276
279530
327889
288000
266860
450809
157722
404072
203427
360902
111775
558367
318146
50765
398880
78083
288536
331712
456257
203080
55916
21804
90336
350458
547188
276260
41055
123259
243723
357687
419922
231694
201651
136768
196597
393849
565519
366120
6850
431358
295846
375416
372517
471445
194184
479120
521997
494518
528527
530461
447942
393505
448181
43861
495436
457636
368555
10309
311137
78406
545619
4480
328822
540224
287711
206944
193485
269729
286683
310463
69723
502255
45292
468747
528746
201668
394035
295477
486768
429284
337297
557949
247902
332811
343190
26272
228414
222468
374367
552400
412470
343507
3863
503973
369446
47287
121136
176603
53438
542082
315888
509887
538415
8950
13498
24411
264399
26746
397267
185151
360296
111886
343937
157487
361860
37120
475161
446728
99837
40944
125869
252400
564192
298801
361942
434689
98
157704
135180
427328
66857
330440
338893
326066
190888
254243
507667
75436
524450
485695
325184
248770
117838
391061
236444
327047
90853
500620
104093
130789
432899
467868
321338
251254
532856
24069
464327
35037
78359
206701
213684
160626
123115
330200
526520
110152
506140
408440
152632
162792
70939
20208
24537
210868
563039
212773
78750
417199
472996
222725
226522
218093
535541
126061
182382
71432
222903
382272
400608
229252
225044
412535
330842
522767
443260
565573
453622
135916
8460
471527
289063
323647
31578
553378
441449
257117
396305
432395
422917
28722
408749
49961
104172
493964
51657
380107
225268
11383
486527
361118
139510
372274
144090
560619
78975
125618
125084
341540
255176
183248
429144
68914
330701
501805
253070
566208
464939
204224
244959
80221
485660
140272
255060
545377
89151
227704
502736
269288
439290
314485
104576
284672
149503
513030
367524
488617
205582
553520
351503
35767
359581
140169
399329
422141
323036
308115
249725
28599
199955
264543
262880
498549
160686
302970
537886
211501
22110
283531
13287
157988
109962
285969
380895
475030
367837
29889
235944
29206
140615
130465
228578
10495
146203
334959
451441
372362
24718
357183
474289
492487
403377
18278
175338
512491
77196
245362
279332
389493
288866
4703
21226
202023
236344
166754
53582
558639
40226
74504
493203
181395
537031
355130
170863
289346
177348
223373
467903
138466
160886
214318
491148
95138
562875
138938
156210
91834
10814
136062
454736
499537
320625
80936
377841
233153
95662
239348
29588
491529
176323
38481
473416
86007
134078
444215
290916
150744
232454
514610
402569
60570
493745
444594
150514
469114
205965
495776
157726
80282
301602
456177
278742
352789
294779
25241
504442
545556
431316
541258
477326
504304
199488
63802
515005
347516
12855
254005
191256
110399
197972
8817
71010
368709
132215
66313
290319
98803
303681
379062
192472
73228
219041
263490
386276
254487
795
246770
355462
65092
356649
266387
455197
95839
97887
114784
424288
458307
247202
156750
116483
9278
449516
562345
281968
15447
255350
34199
284097
226377
532891
389601
207753
65358
97791
540815
101372
146424
224194
139297
135740
32234
488358
186996
478373
93125
402298
450593
466594
537997
351272
437946
30663
303346
183282
384550
555495
18927
109106
123082
404109
165539
343594
364062
302177
431038
291658
292668
354661
481947
513195
242850
475299
84804
499027
472833
17305
135371
366517
223780
47764
152446
249779
461946
97124
16658
547080
185285
322082
418965
383858
530196
166201
115060
375142
350317
521485
46655
376506
184940
170103
65222
339115
164219
13302
226753
563123
546776
501345
110020
6960
124778
105855
400014
526814
232622
311156
32368
473187
507580
294841
51814
251843
131850
298015
259493
297679
514559
369860
44616
125252
555877
497728
372626
257115
395126
58018
212244
544342
331782
184464
16108
560045
175626
524125
431710
150089
167350
993
172165
77372
413478
505511
320704
519123
494509
10412
265449
65089
271820
143367
25030
143966
438621
25222
84528
150531
49232
420001
92618
167442
7433
365429
551099
422149
94486
261589
367218
549709
365805
165451
70912
468807
34158
557823
560014
373512
83487
335655
399878
285387
55880
348968
91357
331384
83371
301493
222759
122265
317143
64719
56997
557416
562853
294495
308069
89691
479723
102762
401034
149604
536599
200026
268681
420988
145146
415226
470332
417509
475022
106591
308269
551115
330148
200987
170127
521420
232546
240870
315054
539186
259140
294873
496432
261369
78534
165384
2114
193688
534630
65355
231062
45395
128873
540148
463856
265158
453638
25544
399003
209152
227834
286484
193865
259365
397804
123240
11148
147270
265552
226068
197505
149865
247582
36270
334210
70188
474996
540880
549290
280719
108396
312067
328287
273375
300129
28553
515840
563457
349558
217658
53764
69053
201521
393889
266762
459359
392761
373438
146042
239287
501520
89993
21320
195310
429482
155998
158234
203542
371900
438826
446220
282478
564654
163047
325602
483548
140463
441432
229866
41421
387112
35416
11591
466120
275986
154602
397734
275833
463066
266725
150851
490657
116973
487533
517449
480147
165014
98724
37484
152128
387631
292481
370776
368458
331000
15777
512742
101387
168997
127377
534695
333178
24897
166273
213716
295479
413451
392466
481040
293152
27768
192924
203856
235925
528717
478871
204675
492945
249412
167693
217944
109188
257786
31318
190937
311398
428574
444737
539276
111617
382786
355725
91960
481108
525919
231860
2281
232001
283479
518247
391290
472658
285244
362760
564542
480128
300810
545210
29598
349759
444760
171470
71762
132905
306692
360484
288817
23320
13213
129569
201558
75231
501717
545216
495351
324438
331038
112923
29981
199164
358985
236545
2770
326853
3775
42056
440025
77009
358496
192929
342290
242873
237946
524225
513969
322703
240977
306644
210911
340401
121228
24216
404501
186500
426239
385080
267595
487727
390747
467301
521439
149736
94981
151794
32209
265937
342514
313279
343340
331505
350438
565853
382573
283678
103011
446241
124853
508701
382387
557581
495892
262348
194712
509406
451986
542460
377310
429794
261163
509974
100728
274492
421223
3501
122942
216220
114866
214536
560861
222764
550623
210058
251263
98460
429450
279505
188070
495132
224320
305923
218204
139847
358645
232241
515075
246568
318134
172241
366287
141466
326092
522027
286662
477827
423207
183268
103782
234805
88237
91844
401645
75041
476485
427062
438392
109710
84289
26027
201596
410779
461385
111941
148678
114606
345495
410487
281083
21203
467544
111006
156993
9654
521474
403772
400008
110871
259778
218783
217771
476314
29436
466923
300057
2273
301180
300502
315401
42466
495475
323978
492027
170928
194096
183032
16600
519399
190334
198491
276290
480186
519063
57242
270865
135653
509992
432346
308836
8182
555293
41782
351783
1108
260527
351493
562344
156845
354421
390322
410164
423979
281134
215655
438037
460126
455753
334795
293888
251739
66210
8695
80979
23778
541668
142229
559452
80984
555361
553863
410100
446774
329480
149900
153507
405751
481420
61126
40526
54548
386282
487845
227150
181688
359918
387936
45799
513083
72143
339565
537935
205980
146127
531534
411341
524005
422940
374744
135200
317843
494262
128791
245551
348216
76624
399787
434113
385991
385462
105258
24349
219387
130109
152852
411317
555150
59289
295115
388937
497371
309838
320740
327988
281175
177325
249934
104862
362292
501940
22899
515340
473144
557854
508712
432920
441751
281524
334702
518409
101407
546034
212533
328946
386925
504322
312585
419618
107947
407532
149733
398809
558649
222335
185207
196220
198739
20379
68177
244757
25785
505693
482720
374529
316708
131139
9924
467574
411866
173973
164358
565808
562869
218640
187863
361622
102218
547417
239543
92705
557577
207780
505206
440979
84279
137949
360979
357094
65268
13759
222194
318845
157201
57944
398232
222542
17339
490175
103911
448448
457684
331263
45840
359694
330943
515195
152457
313626
352964
440596
314165
8478
214605
252805
132338
414895
82796
481456
524607
293440
249259
130054
7756
385146
163664
472736
332721
13911
347180
399169
553868
31775
348919
564246
203589
84210
347390
452657
407204
407656
67952
2002
119300
179299
74320
333394
235170
51808
191016
470737
189318
245577
444381
17303
90462
460538
210829
253852
84979
402153
70273
285102
318958
464517
284174
1633
129828
272230
213862
554813
194684
498362
508473
305036
155506
301215
492274
324869
443991
505869
108998
236336
164589
39041
36420
156476
59099
50206
103723
135752
492397
457543
44640
320977
251091
389786
437436
137937
134262
316291
470917
264947
351193
144040
420590
458085
520934
324389
129466
225362
173713
148808
429666
179990
201413
220824
154021
430500
289713
290743
313612
274678
493774
112786
105824
110661
300363
402431
46915
67697
37054
527756
183116
541819
201387
92786
502328
249364
501802
98918
36844
358832
401746
88372
251050
530738
171665
3814
159640
548117
219201
153560
446625
510484
79330
72519
471352
131070
24063
445571
76854
558214
181629
306436
539407
473113
405780
138217
264238
178861
87350
180701
275842
359809
508245
299677
9102
338047
108667
491221
8648
402999
127249
77681
9441
373361
107110
89620
147322
235518
535022
16585
188593
406156
262898
16648
325440
82704
35973
98528
216083
63348
422607
275212
27043
422926
23811
330477
44131
451709
270245
231245
87952
462043
66441
165037
344264
439067
42824
123756
375163
65130
43222
417814
224128
504447
533580
159130
355806
284867
465424
508653
108856
91884
540144
110825
113214
91762
535148
256807
475178
101434
539465
269201
379993
390940
283451
352073
321016
208173
86137
531753
427837
27485
106299
148505
304757
427330
418624
156557
408539
384900
488869
496429
154585
546841
311793
297835
545154
295262
39391
161194
266638
396112
486796
497919
87971
372735
65357
313095
252782
311822
321373
490035
75789
69650
483948
315737
231347
6906
81987
440845
534615
391257
355912
443232
201844
190461
96053
411552
69440
42472
108413
292801
387747
390645
463330
36362
325113
26213
156880
153014
97324
189287
394617
119
363296
58877
68445
40738
522494
159278
162555
214231
306937
486150
364407
369313
234890
442381
291080
56128
228650
326765
475920
211082
480252
341993
182886
60372
413402
116121
407385
51767
493369
390429
258806
194332
101339
323526
1642
253531
424942
31223
80650
161049
306020
48105
550091
406496
225185
186444
228009
37892
41657
534452
304193
65006
513378
451440
370343
11208
190226
248186
541911
333777
213452
167059
392287
194868
504297
408579
428924
49868
529578
49378
549900
341428
189645
324420
434088
405672
543395
328956
320022
520299
104084
369987
168693
23606
70837
341298
22228
537264
462081
318672
265589
20965
509164
301709
510000
427666
363435
179404
344248
411112
287193
99650
500988
44897
485447
496425
371476
269094
2992
377073
475489
479784
275055
48664
106464
550165
178730
559935
318843
203186
133001
320041
141535
554892
107200
309551
351251
420821
145014
249109
167015
195989
165741
338843
91949
325779
115839
312917
526121
133360
95551
433680
254758
189172
200407
99776
384068
445794
519320
519305
545770
5348
24466
68080
388668
416627
476441
237820
478415
443040
559061
522316
209200
105400
502483
160154
306523
79891
564486
140398
407536
16812
52839
95963
253
229612
198608
395884
376416
443864
326806
364513
258641
338563
162197
317931
559148
545244
153984
352932
104817
286813
121241
169989
233083
171768
491037
48482
49505
220125
477576
391246
39758
449640
540116
347866
443894
150508
490418
282466
93678
462844
503849
439693
175518
409544
19872
240126
359664
136071
199630
496483
521309
376986
403768
528006
549600
37168
75949
36343
359420
209580
518521
420249
247071
491430
53834
43050
434755
443454
33799
209967
156220
370581
188210
157729
228566
501187
221880
124487
31008
532884
511850
379612
50295
430957
182694
222721
36448
340746
561491
306708
229221
384090
20052
517410
521368
142698
362768
204934
32457
442105
14186
409510
416399
333796
457485
516749
515178
339382
461631
415510
533534
313064
41687
310924
248026
189788
201407
531005
256364
57303
345953
69082
436796
24496
299247
63368
182968
11694
94032
166902
52846
73867
386325
39270
386308
154863
374587
257353
9748
146344
202200
494009
183196
79120
155337
36722
241833
520489
434282
191624
300297
146093
31235
563368
458751
389399
22474
193392
463108
124463
157458
342423
143907
440623
136801
92354
418882
15770
247378
208965
482993
259401
43063
449775
253533
536047
441097
30508
325144
287934
11070
111263
49286
11527
73478
468636
404401
92639
12243
105709
277138
101876
439726
344485
529006
520221
203127
128220
216828
201091
179090
164645
51465
135155
361186
194579
489513
466148
403831
8967
509902
390511
358183
337967
423927
222753
417673
339648
47130
210246
461127
152937
392912
147259
261671
132378
389424
38112
313445
158091
162548
281781
484560
466189
505504
31584
365141
93932
183362
268573
233263
536088
96697
259235
465971
267041
440008
210919
278181
184109
92731
285719
526273
343763
73678
71624
288391
283933
560035
407704
415713
34432
502575
34190
263961
326125
470328
208379
455400
177631
271165
463895
438453
245420
357459
52191
93279
353035
341021
104599
471911
158296
471400
3716
7581
434849
373803
60740
434488
454158
219616
76248
504637
395000
425024
477128
199521
422914
425794
143156
259297
170578
141201
547937
258126
494347
411899
133436
27772
170281
109047
542656
72738
11632
219156
401729
287329
374574
285915
300182
72235
306151
313788
371268
491358
262345
415122
279629
81346
524799
249222
232182
107982
510038
19308
479622
12042
213705
202991
499089
500893
386311
178381
230628
286072
397350
44659
187646
160039
522471
29413
23346
101099
2166
307617
375651
299988
323403
124273
561994
271543
564882
165940
124610
355700
133159
470798
360709
427021
35530
539317
426721
173670
243354
281356
378992
154532
467948
424451
377338
438337
424699
383973
173520
562466
437054
506305
341563
371505
33982
97670
471727
193675
492000
61882
211491
418153
142717
277991
416087
324221
27466
293995
184182
308292
253356
530070
552894
451271
419730
548753
179177
273663
539383
106216
237306
143354
147660
244896
425178
26374
86322
439553
499501
171503
549952
128407
216321
333308
382750
276049
262997
378050
28786
316783
349295
199322
508935
367057
222612
443682
147903
324209
184431
141879
286635
445931
409592
508631
323188
439891
144143
19237
31906
64292
370401
523040
494697
182487
61208
536433
430576
531453
135629
53262
355141
63130
172632
394578
127706
292123
532008
534890
144750
326220
232334
197014
314315
409695
16979
356841
507427
94184
452941
546731
219550
45711
339404
307033
8487
429398
370586
345137
393671
420804
563858
64132
352560
273333
197555
554165
256927
5754
15082
555794
73505
230251
354993
117694
111739
21037
48075
403905
436019
165759
430217
411713
180986
144332
147117
508655
95507
291033
226794
386788
464022
328202
220130
222937
194382
108989
14891
323151
36150
100038
268515
395349
60269
231502
366413
372996
421425
544015
274493
395049
47081
112613
147227
535789
137072
427978
70156
343411
310681
456198
545340
499221
318119
440687
1082
352652
76949
366903
172167
406972
178464
364228
246048
49854
249675
388973
275413
268676
89149
415545
300477
270972
341647
443876
312650
243867
251899
366494
91720
556922
202500
563232
234209
359053
7362
511556
560968
232753
242412
252912
128438
172469
180515
358184
488062
461393
135257
562893
507391
247826
523936
501885
277262
208439
441086
400753
548386
334193
375939
28703
145140
398613
164424
235371
337183
332630
79408
499226
57038
298761
395610
23310
315829
427375
369400
202083
304448
84697
305809
303765
526166
320848
120288
341323
324796
416089
297346
557459
144993
56697
425655
436765
488960
266835
438289
8155
196311
375134
518371
303458
188346
284239
218629
460682
233611
279681
302383
195680
326307
117910
167121
167110
326899
323190
188676
334192
110477
148109
518291
480584
25605
503964
17950
396624
409744
252682
44302
293558
252243
414598
520327
524155
331476
392904
542117
193549
168193
363031
386627
247055
165058
75526
294119
518446
21977
114966
522466
554871
504486
566404
474274
308102
335437
14036
510555
537013
158444
361920
417168
556687
430989
226801
488145
214242
103178
192550
483761
151686
81636
311197
201090
303154
549167
200446
517738
6079
307320
530948
89649
267943
537600
175625
401284
240465
249457
47586
474142
298063
298106
483533
110075
507218
208158
322334
536799
530537
559290
191667
317497
311974
26123
54633
415609
128349
9926
71911
258393
96924
98328
177787
513170
126685
511456
382839
351823
479151
412253
283807
354458
2111
200122
195250
335282
222421
250896
460089
463763
60137
162869
240274
481084
480874
207824
553021
66147
474666
6171
517619
247143
301084
486620
546230
325690
370762
450916
458366
60866
103186
14894
218232
455879
467383
420176
361212
179009
214324
186522
79106
462389
139524
332001
61064
483545
313199
317460
172162
214250
407281
323374
75683
15371
365409
392692
52188
3444
393865
69994
350846
116031
217341
528449
314396
224690
524494
102879
526501
536067
552087
185866
515945
454156
422278
192061
130527
129285
88638
468439
490554
441889
411410
371205
23262
337876
214062
507601
233048
415069
394983
375649
107891
64057
3215
297324
153559
19188
414131
183463
369892
410146
4960
492427
475787
427298
552221
393855
501219
71468
561831
277880
560152
66279
272868
468516
461514
188877
226504
419819
36116
409947
523345
170364
45806
160250
6645
161019
158025
357957
326045
280945
406863
424207
419268
134786
491063
353847
217232
399739
224756
343812
243920
324365
102475
202923
367527
448697
521049
421784
37396
547803
557381
57733
509861
22449
472206
200960
480979
218103
146638
38752
263019
255661
139543
161807
228171
76703
398249
102852
318832
439940
169653
209143
63308
495044
287579
232618
220124
68670
367856
349265
119042
38734
302617
281471
321680
99398
561715
263110
348715
542606
102854
462555
284055
454737
7428
441145
541824
506710
356421
426675
406967
113308
336080
155216
498779
315460
54834
1130
228876
159069
233935
556496
451667
471314
132447
240649
551262
137498
157519
14818
88616
51252
409830
498893
232469
348800
182972
518734
310059
186212
408619
477518
220874
257656
364288
485089
351375
37876
225865
264081
117708
947
538869
299179
123961
201952
327363
37527
480199
117011
401485
48338
269906
187827
19226
313020
225823
450152
331670
365904
436554
171488
160000
306044
442889
484533
502420
396813
383836
305069
89613
136532
53406
298073
133403
33807
178739
444645
232253
12765
57919
499131
106883
163289
39461
545012
498988
314853
502602
297444
413841
491482
185182
159267
426299
180174
303575
558240
156874
231320
132484
157943
2599
301077
543675
183126
453769
130557
41537
275951
220852
364519
222055
125886
127395
181569
448333
331696
192183
12819
192243
376427
497054
280632
476042
353603
121224
436347
46796
468852
487419
307014
354609
512943
221321
49894
331796
373199
447791
314783
431509
542238
181808
109837
1499
402975
427870
381369
461369
12299
445528
508785
311237
38153
302674
501668
16374
177944
16004
375714
220170
412048
79843
499164
283752
21036
36253
343067
501795
510169
277845
505638
559493
61370
502398
59782
535481
72691
78336
28045
469379
201374
560577
304831
267764
431283
125424
312363
285324
325820
424714
548092
271476
65683
278353
341425
403388
236318
28967
47419
194089
318287
233998
366906
469595
56140
427614
463939
29936
26437
332414
445418
78835
167654
425487
115481
414361
468623
251493
82683
550807
331248
15353
421459
440651
364064
184551
523527
525023
292440
559016
511045
84230
108175
151222
294400
264766
33529
514177
83773
82151
561973
74395
411719
234691
82464
178209
406207
75996
255670
242791
28559
41394
248028
505539
242558
429955
332525
450453
446408
446482
68773
235473
91345
227650
432460
485187
481904
343886
466790
160970
335339
374389
221464
144584
179872
499286
300971
459682
193304
36035
450698
239310
513811
491348
482376
80848
382979
106510
384526
231505
59226
141850
429037
207577
373447
183619
508894
489608
467972
187026
469039
46291
128475
241861
419194
189235
520395
264639
528719
42017
231864
191643
515332
285807
46147
222373
196206
