74248
327141
455698
258211
467335
308324
268527
99813
518959
193179
491297
547959
134172
72875
381038
175347
427191
480190
529441
32502
554015
117754
402720
142279
388380
25004
9933
216184
490757
215466
333908
506429
321244
211083
305252
72958
209055
335905
370299
425911
81260
325512
91555
423144
286558
18068
123584
367807
496755
435154
59378
417441
104373
446787
331200
501472
389348
384758
229105
192863
4749
328425
325645
12853
296535
496011
337390
480624
356007
36478
541773
183044
302257
348383
109799
360042
63249
384499
120219
17940
417251
24611
175267
161221
191444
106120
561275
442572
104907
104190
316804
405488
244248
69766
65313
516687
93210
182290
504509
391399
226318
103842
276687
455078
222663
282043
435041
82376
361686
176322
420592
176618
222238
151857
256703
74356
13975
126309
411444
125680
170972
280811
546588
395570
437299
239178
113516
331360
357113
325366
311804
294249
21870
86282
421733
508571
548077
380642
99757
207542
212464
216721
426245
279879
379711
260364
560829
425832
226176
78888
454675
129773
314586
303300
236289
203722
170900
562440
341546
175452
288087
150136
372479
318955
66059
400568
459499
334069
404508
543150
470969
438671
91880
564243
45160
229658
556040
526529
470039
35546
140601
194069
420801
332818
283244
269271
212361
448156
409777
84719
500444
85342
334721
500301
282742
303169
84823
49807
114055
559819
40865
329148
519866
546622
209294
21462
313680
10035
556480
340336
291611
564781
189397
355341
410718
151930
217513
323256
355346
531300
430200
163352
532331
44685
256331
38872
390538
207428
201022
140969
30527
267225
388365
218829
253512
377803
513980
7556
552914
364541
157805
83352
457925
124896
296868
564948
240267
325004
460738
464825
338416
209479
6375
221017
177798
548287
213068
434289
160770
279213
560390
509869
254756
105522
476743
176922
54727
17132
335005
489977
32432
100865
402905
424707
123891
331146
13453
556210
309749
100370
166948
2770
188508
419943
264710
48089
323019
320253
128548
141836
483672
98179
459709
514002
402547
328926
516781
121572
131506
63273
508672
149016
489860
28833
430350
393798
371332
38450
534383
536628
435717
223811
384189
23654
413092
482390
256937
152650
202117
271786
180937
309542
266741
534546
331829
431743
146132
7071
333115
414527
293589
517560
494510
164020
269151
478952
226166
489502
82825
185529
369672
96976
187948
334539
97038
174817
402189
294548
9526
408729
83836
299218
133893
493512
319625
344369
401701
30948
86303
187644
440626
503997
10003
458419
395442
348355
389331
47939
268548
260054
42282
98913
288913
423404
395351
448352
248367
410870
550258
417388
543536
252120
119165
96194
562022
60395
413392
84939
234660
304367
50406
405838
553898
278332
201419
282110
283122
223757
250747
178329
519201
386090
551500
402950
544122
66029
380249
523570
82805
33901
65436
332415
558725
295039
170287
514765
255639
547859
135659
53299
139600
407092
206319
333957
73005
343708
11459
306430
483465
232400
373141
460418
397928
433426
305417
145514
291408
555247
263535
49701
325124
475164
65106
174755
398242
110521
118933
426091
428401
202866
385458
332264
397305
193124
308240
164989
1242
387159
95874
157616
372696
490500
275547
466247
341232
298502
315850
525893
250209
327599
369973
341958
196448
17135
122776
265446
542502
453369
72530
524299
137522
381575
493709
389440
490876
323285
378110
391895
543575
302629
191025
96984
121698
441771
442805
54297
332091
305063
229632
38594
111555
33707
308790
94040
234810
541860
499657
236285
164896
348759
355667
518592
266133
298404
107858
289524
227397
523432
37032
88577
230714
236750
446379
346605
156072
130532
98531
213993
491455
393066
178505
218742
348651
4692
421387
149837
524256
347627
112483
95655
362731
41929
458251
556455
384469
133349
494498
125078
475606
266814
425606
92676
40564
566173
299982
308253
497871
177573
301107
468553
431775
414508
297380
270584
146500
232807
87734
536068
255308
443875
335314
491432
346266
471690
268499
72045
80225
209368
438481
326702
437402
247559
307642
442822
424974
105736
268362
364734
417448
239162
260762
347095
449315
357380
207810
537338
306499
51613
374177
469219
297953
463336
378265
498945
311255
403107
62421
551665
410758
340194
519305
100506
44830
293650
218096
319547
518535
146878
185144
403090
152454
161463
298568
349059
187795
97458
150651
504692
524145
161751
404497
379259
279049
248183
125996
93352
406637
65874
94634
415508
373076
455829
417413
204160
209685
125652
253298
507559
250055
153212
71779
511078
207641
82074
146411
157344
342117
96435
426692
188057
280075
483593
180383
539627
85298
327267
214583
140203
197001
495126
438170
293035
32890
113705
490643
238104
357047
121722
514980
16191
211923
441137
523441
78340
432128
52659
365612
465268
546324
295855
199915
352233
544969
230488
504041
513854
70828
248728
67419
199682
309551
458972
271917
185118
404507
19961
424503
140700
83226
215385
531682
183011
77732
383196
421809
62988
248885
406216
94145
546168
45242
108859
105543
415750
43019
499254
505632
292778
453734
362652
198060
374379
245629
110143
491546
535184
314225
492703
524800
30142
336368
54230
563430
156392
216417
248544
528831
159596
564788
236701
144364
93450
555362
14049
319308
499671
95514
328544
368450
31581
361405
486527
51664
37358
168567
505676
377493
372787
452633
261390
293812
88177
31120
562602
236001
402616
517123
185550
64052
64237
84095
310646
410525
173488
171243
527563
318372
149761
160559
113520
544737
239449
387409
212846
555877
192819
244516
304277
389013
85776
124459
449915
196738
71567
36371
263651
233051
315543
214732
425409
554602
449949
360361
139942
191794
525311
10390
556408
363266
113154
554222
336340
302165
71666
296873
190257
522787
453292
488349
78895
285294
127771
505942
80326
419382
239422
77945
50533
379376
48666
101653
478297
361002
168024
278396
215118
40938
41038
474893
209468
253431
319289
501752
422013
494196
199234
102129
241919
275080
131492
323230
385613
46039
177564
266134
153808
29535
502754
145647
57761
43122
77874
137273
67116
520732
237317
430608
397068
418707
555004
18184
346129
528246
368210
30604
133973
325594
271558
500101
6171
200605
370997
207379
392845
25110
327768
234299
518812
47434
512289
370087
43999
408666
138335
551479
417170
465820
296048
152891
408609
103482
295976
467167
474852
413289
41160
273129
431737
352368
424821
287226
539554
219725
293203
315441
211190
309992
135582
9739
549355
491816
423476
473966
541904
105621
323107
108751
249183
139260
313082
94850
207528
81492
322881
532857
110056
521622
59964
311811
256170
159945
515055
207149
326779
361731
282806
6276
308526
56241
543298
175278
555565
213791
90128
264832
229943
94355
128081
170134
235623
506703
288928
505069
270789
165829
186686
373110
424140
437829
408539
153130
301161
19888
288783
147781
405880
16773
205445
179226
519453
449212
317197
451244
40362
82939
505983
540752
353501
512727
175248
164757
131752
522580
419849
296965
188423
166263
82353
405933
80113
527783
350932
59250
344521
264556
544692
532074
80217
55445
512481
126733
440833
489317
310922
453158
386636
230255
140023
7305
290926
433864
346892
11975
356713
552283
172785
303327
28840
312923
171273
195871
404061
289239
334789
174879
368454
189188
191018
195873
378856
467801
502551
363220
329333
540107
171709
190812
392470
66200
74448
86190
56655
347304
96780
488820
183932
501960
70000
252900
373704
138535
167975
426036
16327
67922
411423
256641
231342
470537
105894
466720
66588
563524
537536
40664
152045
123424
532162
437207
204056
207789
426273
479805
244330
342105
68858
140445
179268
541513
292493
420324
429231
247773
277735
111476
69166
324754
476892
96784
373977
320141
380061
156432
82012
189733
382338
94120
517289
57131
23999
114356
222457
365170
437377
505670
270997
541667
114639
256289
501998
354922
303538
296213
96746
274257
553667
53165
475014
336584
215632
403864
334983
313158
266318
156783
458830
410744
399199
350606
479798
536119
129572
143380
498273
154011
502959
315588
442307
3170
49431
195286
286782
70410
300007
249275
472770
111877
246824
102687
421501
536491
3752
134158
247388
89144
20761
487925
263192
5841
7961
446783
417626
295627
249324
54778
176789
560142
178722
417352
26563
542553
59585
407741
357302
323144
324448
368993
115149
379772
216065
404817
168548
155116
367024
29797
407563
509503
241061
549217
57414
111802
499874
28443
139292
314193
255610
190522
384122
415265
401168
174947
179372
84937
546035
255180
497513
388957
481440
487792
240253
83368
550888
463649
326929
18499
11522
469048
22764
303859
167836
11217
526906
285555
340565
18596
433150
48008
453364
139163
45031
372927
21902
210870
509344
46492
852
526491
224895
334773
409053
562406
439234
223024
396817
548619
428322
292197
148640
380096
491014
252768
312516
296735
270186
300499
226729
235101
449920
422862
430919
259350
456450
423216
101546
250462
326538
542329
148087
515025
507688
549576
187024
285825
130616
544096
178834
401622
511690
307618
423532
48564
41683
349643
306723
394033
395524
539548
341651
30959
47053
233779
504722
483934
373661
342486
541088
444442
499020
248322
393212
426384
152535
408385
398406
564188
122589
397432
82598
376646
517675
184890
14639
443652
537527
456332
322216
430479
22782
177341
297973
155055
208499
13036
399108
56472
163936
429837
204649
426234
477445
7648
73137
88893
37611
279875
428436
242081
198940
283153
509083
553250
315587
545670
336722
121544
61466
257787
223761
263185
507406
283186
68451
71210
94058
167168
205907
430770
512539
375313
536776
239640
285189
117577
129165
299558
133081
297851
190772
181591
525846
49510
536911
168493
279426
388120
167667
36502
388780
131640
371606
465118
374879
355696
544263
504204
485450
187933
546186
329823
378236
68152
383244
54222
102721
18687
209746
529089
4569
368897
231329
51041
414200
178304
154220
287599
14042
483352
175858
264428
253586
192103
560378
139447
548277
490469
524741
119804
538630
538688
542457
393518
339017
187974
232999
268399
136374
397469
153076
48339
56042
355188
552263
253621
446898
218394
558076
476858
154098
390579
356930
519294
93088
419012
29647
334926
373958
359965
519197
436333
114811
418377
126926
98069
477304
94332
151788
459281
179626
284659
197889
495022
25349
455590
350700
433887
321755
539827
557508
253085
447237
494664
147574
395537
171227
411712
191910
112069
320771
252108
97360
355330
81004
543021
372410
351751
460021
520389
470602
83724
120113
245597
107819
456918
116253
139427
483972
263892
171237
337442
514414
149312
459301
545588
548010
89963
238940
327657
398447
367164
365047
48627
124127
78104
123952
360058
204696
75905
139557
471564
161694
95629
124613
118811
280175
164000
327200
433568
372811
81187
555356
25748
146930
413645
16084
102201
526795
424383
369476
66506
433230
52425
544195
162354
30870
243775
483609
403675
461036
527517
68036
146793
477748
293361
320448
443205
276105
428808
19153
519821
81153
39982
138046
41918
301205
99239
25718
369018
122415
17199
214011
334865
550956
171357
41810
67975
171149
241315
47210
343978
282265
57719
489660
436681
496713
280503
296594
292833
433425
460408
503398
321473
223258
269304
807
506163
514904
241935
465747
453670
269626
303124
75684
428225
333293
55647
24297
263387
456959
492859
107777
507904
144086
338512
336549
109418
232503
524544
76729
387087
75864
394065
510002
214090
395148
547099
316386
147150
51376
316508
78901
422840
297372
523313
375422
253040
564331
335816
353067
407632
344559
253487
230329
210163
517771
192218
234430
344847
29698
51925
32542
30477
422263
219000
54283
72778
502106
451651
8330
436538
396322
57934
34916
101070
520781
441614
261346
264471
310233
151226
546046
342465
61168
112165
367636
287601
420372
545749
87395
260117
172639
504439
73611
508316
421911
443455
93133
173751
167136
243861
565675
58735
64550
459548
351180
168030
96462
188748
158509
391111
339037
333839
443948
304022
22885
486835
548988
337267
322328
311987
195683
398770
483469
34592
126948
490596
496394
352727
305634
108807
510560
484354
181934
178231
149986
177868
343807
342509
78715
39892
199919
227678
359642
426718
260173
180961
137695
84372
85414
311663
267177
373385
136041
408370
149140
286068
15753
521491
546683
247937
87279
527442
502417
506571
224088
222818
178725
401974
204884
401258
277343
378772
111131
324221
324784
375415
155036
563627
457811
558085
317056
254999
17413
286640
475132
502490
307607
140049
216483
254946
340031
23828
321221
431829
130518
128900
476553
275710
64479
72204
484121
489810
329569
113324
351956
17717
132693
8023
182099
113372
44491
302476
480554
177273
334906
141869
370244
66426
41063
555568
436744
210744
510989
21095
19813
256720
307948
536298
447347
150375
142631
462782
228703
179799
165565
420018
113187
318126
405210
351139
438272
304476
543710
460678
25398
345155
190674
21475
172487
206646
209262
116008
190197
214139
346978
45746
490354
260917
228341
101499
192347
139748
400291
400881
494533
365053
156523
406311
175861
54859
254014
255202
395724
192877
114763
48764
425210
377284
410957
323518
354404
547848
198816
473080
27143
510101
50677
250031
433977
424805
296338
452329
198062
275207
430440
450101
525081
365611
487763
94830
174475
193417
474804
535385
236057
11435
381229
476682
509969
370695
484585
533508
315986
220793
161255
296591
378009
312096
291657
97581
288150
541613
9495
201122
533077
492177
64920
466072
21424
94253
310324
149675
283805
275305
478121
323642
409017
332606
556462
427255
373622
256043
372067
468547
306256
176415
203241
388395
103830
100493
562878
560511
197780
355011
449490
561283
131550
142581
153656
14761
305821
532432
220919
85243
455665
121962
402434
501061
77097
437960
137694
371163
289760
416609
228302
554856
276453
472374
185007
354053
286307
513740
246782
202180
559316
347452
237782
344288
387622
17167
551873
180158
26525
182320
119491
389627
367928
20608
543113
382589
66691
190588
369758
74034
109891
531153
164008
24164
543593
50518
542136
258988
96921
289792
384714
97026
143019
102998
409472
427412
249526
283428
92498
371086
219373
294309
405435
473641
28052
120690
504213
18121
176183
372826
463954
264145
397248
107091
181308
7714
342903
202580
550589
357470
238944
5657
330338
219612
40082
288648
100694
32762
259735
54235
100123
114601
194577
457969
56568
313437
20638
54484
122882
501312
470163
525726
238125
69032
355979
344406
156299
222627
422061
536880
187296
199110
424681
500303
299433
80317
22520
236384
83038
314357
403827
25834
109529
388114
199889
328724
537456
371285
258872
395417
168181
467360
535260
561354
235553
307376
10882
288770
21791
194847
501946
190133
386522
79190
200263
143421
543703
320405
122313
477369
219066
467155
307705
37227
386986
343612
132719
33456
370576
354798
51788
115645
376488
31033
352135
518374
514484
83403
282388
517870
367724
449010
101380
215409
177570
372967
151104
200433
165520
176651
136901
324010
126407
316002
450877
322051
48839
379195
101367
64453
1791
451311
257592
477019
392819
250700
126877
140177
232526
114093
411254
295199
14885
418859
45831
341991
207956
157903
377287
222828
427454
259582
65841
517048
126026
96415
198588
521609
302390
267518
170126
367626
210353
523203
232459
420854
272642
488908
312856
339644
92320
145486
320386
480258
150432
31211
349601
537192
86339
395400
526654
486087
535890
201555
444139
70553
42400
164011
527283
261673
457362
110832
174376
127081
453213
31473
349935
168448
109061
399346
235575
382149
280533
452319
420102
533415
371060
395637
452432
30603
150331
375397
489453
49715
323089
407928
375161
304495
413854
564588
421589
383687
463429
117322
553400
307878
26027
352432
60150
277284
1614
302436
512750
443848
199619
316392
417297
141567
198144
64630
367407
458935
234398
429140
339457
98100
289152
389234
91785
218436
408617
401075
554659
176993
563725
480996
215051
313306
30237
428894
140890
303452
161010
5768
506158
267268
537056
365354
315054
4091
449243
430142
549684
395397
8297
27227
217417
322218
387299
511627
170057
52513
235559
188652
103048
518307
70602
323793
239478
206562
375356
549184
384280
49742
283718
32290
469951
184649
151337
519469
101463
124216
542756
119179
34326
54726
554202
328929
523499
218132
251668
429598
389322
296894
553160
553372
355464
284534
223578
117433
240448
396713
353645
254284
199134
517365
32372
366900
372488
148255
116914
77676
311590
420065
331906
219610
477352
488952
270029
494857
293603
237935
426876
223756
361288
359373
194239
79709
517979
354845
506651
93460
205977
234160
136403
462291
187391
244727
362318
561768
97436
178575
247640
269892
359659
441520
171536
527375
90576
241705
501115
503934
238373
48776
308897
333852
264008
76025
524952
366915
524578
493441
275021
450270
197339
74675
461477
15189
473139
414306
485233
165120
484881
102615
232781
491274
376134
543637
172629
322907
23032
529171
128112
559942
362990
243610
3745
308745
521214
534637
89217
292376
134183
374776
181411
239133
555909
404297
414446
236025
453902
411093
218527
322206
38020
14147
72486
312767
554364
109586
156814
106085
112814
506995
331630
532644
483944
356952
333873
487702
274610
337832
352734
217529
487761
462780
46605
149924
157890
486684
531178
170299
294270
90468
57028
276812
529533
89873
162387
125438
251786
304366
42762
509096
337781
521133
221652
107476
145287
367049
79327
335236
229038
223091
6237
437643
48086
131055
56875
437878
512916
498881
291589
370816
371993
371927
48433
391574
194651
365749
435814
239718
78879
229330
101658
82951
84029
368511
333176
13615
124951
561322
20071
171939
400875
46463
493570
494088
509900
267494
443644
30174
279792
61088
14501
290659
394425
554062
38416
203304
240468
381079
313107
359219
526178
308445
25625
554409
393337
533
413347
199060
295300
204536
137532
16472
209669
25063
511740
266838
288258
85094
515961
163433
41454
441362
523540
26374
398630
381752
554834
150901
406787
213737
504214
61604
82062
188916
553928
133828
11507
339747
52441
461511
175369
297815
236792
323408
6529
328547
287560
247357
494444
3038
253144
299688
336789
386368
449109
305873
277135
9590
410707
172699
529228
159354
128
401846
309405
525397
515340
350065
236790
119662
209269
555320
547413
154769
494710
183318
216178
49492
412681
270826
8051
142536
532635
5038
403509
532504
468471
304992
279083
276881
363385
433208
51383
271048
2305
306849
497677
419639
491191
411896
546868
222981
478365
337674
84127
341570
233316
539037
435825
454908
12584
526478
145932
358963
211952
363066
405968
116727
111145
314338
172669
146108
476508
14568
244902
79649
145226
532363
133756
406347
38944
48531
164674
342725
504584
346410
552992
196639
376423
394970
83673
59700
190135
53754
205696
351549
531713
18239
25205
306245
169494
357397
200738
25606
44876
167163
442305
539993
413123
325322
99416
565361
45287
435083
304665
61346
395263
175444
136156
358547
294615
5956
290759
136753
360585
90506
107736
331988
498407
257338
146126
117751
472617
320034
9024
233607
310545
66371
555989
56538
408445
520910
232688
7896
550238
452972
78211
392905
198686
106713
15137
255620
323231
341096
348119
139467
163663
337307
361136
101248
382382
378421
183346
46728
241431
133413
156777
430564
251915
236662
48592
258480
208396
149369
565007
130656
330058
322027
233808
500991
283339
347494
417918
84380
563308
546290
57532
326785
27116
432617
242818
284320
431686
151058
194328
45025
532118
292675
402810
488464
411227
127406
365084
324549
74964
48233
565261
394448
561757
6355
516212
367267
46090
299330
226508
414184
304834
480933
384905
557382
562338
171377
186106
468883
201711
364213
381855
126069
252125
393448
360511
243089
93408
495741
550400
180775
234200
336439
301446
288205
476648
265264
137874
335037
268767
160898
72284
78705
11684
33697
46927
410827
429432
170286
432850
59171
74987
439813
372315
207314
283061
16617
251284
408327
345353
416573
445067
267800
338964
226578
253466
63955
22298
157888
192977
118954
100524
460400
287178
148850
24934
353739
136013
204444
528876
217073
88890
502803
242209
243571
41455
277133
131965
34061
337132
300347
282520
311316
217783
322936
135257
487333
162617
392576
194574
301928
523406
230637
540699
511333
168649
42347
400732
81119
512476
463667
485496
494159
497886
234708
547586
112187
40767
168709
476559
352830
309187
538439
196942
528802
421957
154323
145234
472901
298773
36588
239716
72430
548761
112530
456890
121881
499008
7542
126357
402136
544487
70615
386415
552090
60213
375963
164229
264248
360900
94908
115585
222672
191859
153546
339913
379740
352577
225421
488109
263085
511172
400237
461871
200930
409024
551236
169145
544796
435232
462409
33884
354276
18594
482875
391717
335384
293747
223570
125683
197314
168937
247722
147310
192161
304435
63167
7086
440781
11986
172637
62466
559810
253262
122857
217408
55425
429951
192619
212139
175760
187535
364417
172518
352581
21087
25108
533048
492299
18187
440895
207138
439196
542327
124616
385583
499976
191602
301920
273259
450743
425631
548969
454128
196606
138606
1282
151513
428882
250695
484462
462360
278106
6105
274365
227475
68210
417355
552301
540446
26695
483943
211183
113542
356503
249852
443816
45069
523154
391187
472095
418133
515605
151074
518735
476923
562401
321587
178601
241594
47460
2992
524269
207166
116010
1058
50102
204487
416788
48651
76313
172524
485204
412164
489670
397600
211116
90504
378346
336930
122573
458535
228645
492563
202455
241225
198632
185499
173077
336487
523989
357783
11345
60023
371121
78623
314761
358578
529960
560633
298211
361308
220979
278638
156484
93818
540971
44277
374848
248403
47493
277925
472590
65777
564752
485098
70633
449095
5120
132840
245147
212742
35908
422881
55519
59570
428416
313362
495032
83925
224343
553812
122768
81414
350466
261843
415594
220586
415414
60373
221342
230895
545589
97201
335843
41696
321996
476706
172140
37357
191137
565525
369369
283149
243102
564108
110983
399989
96005
506496
191932
130600
429889
526702
206236
405385
283390
16149
252615
118711
533673
404463
385397
503411
424590
452609
388132
115800
216403
240273
418571
119411
444198
211610
138686
12231
340485
525175
190504
529010
132943
344073
287445
268292
81020
336674
498705
117631
95516
554837
145114
336168
364521
94529
522109
137982
542456
64077
491802
557312
92319
218555
386660
515295
119919
355290
243781
120976
370987
537380
20414
171776
240229
279525
15723
248588
495434
477650
513081
40022
266265
356220
25928
101173
4812
344412
18136
409630
66965
380271
81028
249967
308218
8299
303816
155825
219873
167871
215370
200767
263494
404087
550567
36926
78542
252224
422308
299162
332071
41770
430154
155312
492674
294901
119503
520353
39350
97741
28804
313484
256824
442723
141122
529255
399032
148829
543834
309201
531452
181020
336129
392016
465515
86244
241583
219820
112083
289436
229461
193419
565358
361524
57246
24629
391221
383271
555319
135524
320891
379078
441676
210060
309765
520287
321892
396074
298723
334543
113938
1556
46588
478369
111209
285473
530166
435765
457841
510227
32745
113805
17417
406209
344164
560782
446988
376161
490854
293007
435829
261611
276706
526101
538702
389330
112742
241940
137858
264273
546620
32492
483594
397706
318364
308314
487337
761
425116
375244
523139
30683
48797
534860
500503
192668
192120
486132
469505
226519
85472
313470
452414
351558
52658
211492
528386
28019
417734
443747
536307
533712
45499
480251
315109
501495
447389
34380
122963
419812
360324
255852
472960
259426
54314
444501
533294
311836
362487
359793
360740
265798
310943
391127
355795
437070
392241
503281
564077
401506
369525
437355
217290
391334
32383
54285
134412
334876
281364
141328
390699
500056
12283
297579
324011
129775
563608
380142
131026
436076
308362
400374
194313
11216
183224
144823
301759
387432
478352
553736
472803
239971
547360
184722
104087
445076
40491
82964
527964
484857
131021
215544
488313
532033
219824
59629
559043
125028
232180
10214
247780
494668
395918
62491
478973
32744
200073
129839
547260
493196
409447
481759
52292
166557
141365
278195
23314
368471
364149
320755
232426
448749
506925
479810
80654
345595
516615
557960
10169
137608
309998
159428
516078
61624
136420
375333
156733
312198
344037
466891
247985
388036
88249
137083
366619
42842
478607
144081
472226
281657
223007
93918
94418
534925
276417
401195
455552
65811
526347
44482
188746
505067
91233
510732
417171
153007
426872
195369
409482
10225
91241
514753
169602
11306
277361
211193
46664
328198
11067
377355
389137
435368
555312
520511
484357
258156
250186
181653
70697
130983
277178
61992
376224
132225
159028
184796
124155
25695
188998
336999
167102
545551
493505
442550
250894
25756
213426
544619
92742
448987
277948
274346
83777
82515
464426
402750
163967
480989
225710
418619
295372
53830
368980
418510
272271
293657
170217
119707
7868
177087
272901
114498
430761
559508
165399
324135
127161
55608
295761
517830
355766
102428
138365
438514
136720
385514
455405
254321
69545
48318
153728
561074
185734
549213
283324
252748
511475
269842
261176
435159
367851
169175
172109
387338
520882
26036
253965
66714
156515
211608
519639
241499
30067
174756
208592
384155
445072
9571
136192
154959
539709
59766
131105
81189
233257
232752
480496
52336
227248
16930
412911
499974
64031
426240
22368
253740
153248
89884
274857
208118
488463
257028
190136
55047
417750
261816
71623
257202
422303
269036
501560
359751
93949
501527
204853
148078
541870
128208
505281
49504
47864
354789
454772
86563
235374
366892
511438
284697
299359
368143
498256
533774
491315
345186
155931
319302
25527
462867
555637
431565
425298
80651
182931
390742
338389
131750
397881
58282
414477
235413
487817
460944
272045
478550
6623
204201
458870
181151
299198
6282
407895
280799
558819
113981
513078
97474
72369
161747
445971
150236
72396
389253
23501
132852
52130
234193
402906
106889
155362
469313
481274
348034
191463
207389
234848
142768
155608
516446
285718
183950
427624
563339
291319
291042
475310
49914
121524
522907
34589
513804
472851
532754
335395
412530
203754
56188
205335
485065
562858
512477
499669
346045
561919
463931
117017
312679
546161
2422
381384
248984
189877
517866
458510
548507
123012
544542
21623
160365
156310
239907
163233
146685
117552
455916
530998
459963
501850
379509
418920
16114
193194
167169
125582
118413
544313
97849
447223
499589
545830
294205
152232
291564
71899
25771
416863
171480
450590
165780
170309
288359
127521
218483
446307
193017
270196
473540
560551
167922
262218
259108
305693
468136
516893
186262
231924
561422
371548
556912
474107
117997
443890
214175
16269
191362
353714
163337
75589
173649
454911
39814
238450
382386
532324
302881
355056
433768
341409
550269
77582
108358
307355
390888
490460
126189
243432
403100
486164
200833
382436
326473
433231
561388
26674
484352
511404
203239
146667
269986
119579
489494
553284
312533
385708
28736
355565
17081
465406
416728
400840
354871
395961
161210
344306
552018
555073
561105
415983
33650
266611
253012
184672
441118
146255
284662
112064
46737
380037
265269
254883
526690
79271
179500
118878
94565
445418
142962
88711
407587
141112
47543
54920
154637
103902
349682
113064
76464
545968
177005
343335
114031
550549
299145
545783
231162
554147
62836
258029
244989
403030
157272
324432
218594
494838
397271
485673
212782
129421
298037
198605
278752
168454
451674
130329
359398
467319
69009
379119
421693
403837
250620
156231
457644
57874
563268
180511
141222
325185
396502
47934
453912
179277
296445
40718
475257
310290
434506
529358
36993
179691
487593
16933
144921
321341
311027
552259
413670
543443
279818
171980
388758
123351
5544
21227
397875
84272
338639
471866
471640
559465
156088
376145
413303
327702
293324
535078
369522
87031
443896
375889
413735
380337
88085
336373
418008
342909
270883
366986
27567
548718
257971
261981
512369
362807
436625
269377
108840
255071
39958
413543
433826
64009
95592
97208
11215
547726
34066
173540
332312
419393
466524
117112
468414
65538
97889
451739
111820
352403
416196
250286
482913
38341
249849
285574
181145
341622
193546
132551
104203
556156
299828
42635
497771
523207
445962
318637
463934
13376
423133
408823
313380
31305
518824
55380
353558
50754
427046
213555
558720
411923
539202
218402
319759
274465
564493
312878
290682
123809
270711
177168
429797
380449
153481
331687
368686
496211
360661
287184
450513
148622
352553
264224
308946
389245
51208
492469
398844
69784
323067
361684
153532
303589
255794
183370
106043
35516
42044
281914
265796
226223
558196
388387
41466
290326
516059
511797
28982
408290
444002
238023
403514
185581
331524
528118
51520
503045
302841
276672
26170
362993
148822
459989
323265
290323
485140
336097
534849
157623
1071
329866
259301
543439
494753
296230
258385
29932
33922
19295
152095
209278
242112
57748
359292
430502
172800
396981
297820
524536
68789
409558
355271
18593
187332
273824
555530
500353
447858
300445
95011
549777
100747
141909
267472
233675
428132
107140
340033
69621
309566
149230
412665
191484
499499
190374
251789
232422
147438
306288
241494
198610
259680
477928
280157
553288
296578
335205
413997
446590
249050
279410
398880
22544
204524
464386
276832
497180
475872
251669
209254
492034
116718
353815
472256
275404
117325
374054
457507
77129
395405
452450
9803
287578
426105
268182
220081
118958
265788
531021
18495
478055
389432
324229
455888
303380
449789
216314
457079
539815
467931
390426
84714
437608
130383
389382
340278
273391
184310
386116
514625
418627
551761
456540
488410
321175
4017
509890
565821
22788
133480
73603
123981
473872
389954
420358
491534
227157
383982
41819
487232
93050
437650
19581
308275
322520
287198
152244
62581
427399
255461
144843
182458
453844
385822
207565
72405
509803
29745
452167
448639
79651
276127
499544
210352
295206
191201
146980
197451
399489
296085
486881
282853
95468
29190
307789
544774
373760
302674
131676
220752
74907
402937
245235
251999
381012
380426
147614
117761
340458
539508
484509
258096
146585
318870
544948
413329
55205
431569
267275
97565
435300
177815
134897
264139
543024
181567
87520
352525
251568
374477
281090
54115
381287
276360
24031
315181
545842
131356
532842
518591
343731
28564
244914
27872
369344
470318
331129
185065
562706
81856
359052
489710
80223
434273
22187
63355
79840
85008
312650
234165
413010
312808
288068
81043
121411
234115
120455
546927
417361
154681
429942
13011
528205
68337
440189
405724
211127
552765
403432
489890
159737
74017
341294
374502
364756
531002
161302
201134
265139
160328
155163
273451
316097
352530
413574
403113
388489
480597
369455
173659
399886
548103
37808
236570
511356
556852
367248
529113
103008
167382
243164
436711
179059
512019
413153
93931
100171
278501
509919
539318
55036
370509
399619
106001
238420
419312
69934
408160
200853
115935
95579
131254
50055
523830
297496
540827
59075
66547
264413
278413
248699
145214
217446
466888
173378
109344
561415
226929
240109
284820
398930
287412
320970
9347
461278
60844
71954
87962
66949
476807
119663
406962
175294
152020
418011
205042
506351
81365
536014
418687
124422
245774
42891
421196
223281
390631
29551
513383
533000
340018
69651
478178
364634
196157
507771
26281
27595
204555
145061
375448
276448
266594
166065
560952
361266
18404
277451
47078
325640
503217
349424
247233
231717
548454
330218
94097
549894
258000
418649
208772
505120
191712
477299
311009
59444
374191
142094
520035
498095
521234
443664
302029
284886
401631
124922
550798
227798
207581
247050
553014
508535
200315
368793
54850
82305
431574
355880
467099
409208
30348
127697
4187
368726
418829
493448
119315
536728
141413
6915
259699
400074
69930
356607
558101
335160
391317
366568
96760
65936
109064
286245
378696
62099
258174
263988
394439
409885
135029
91802
487875
393636
269104
515715
91673
32472
254614
387615
449334
333059
522616
217214
350197
222764
196907
45595
432115
487183
226197
72392
562863
468524
158994
112464
334658
550906
139151
33870
58825
140542
370993
427902
461522
32007
337511
169656
323942
95774
47871
421311
23845
392364
521894
535973
473861
31207
40862
230605
507873
506616
351516
142009
121340
39034
364134
472825
74818
42779
148548
280129
236176
483274
478843
463662
153586
24517
563191
108649
498515
76033
358857
229513
11818
410585
6839
522233
48200
16777
160509
460790
40081
559356
377756
339493
408750
215563
440929
229609
87583
20401
252164
105744
157414
335595
161303
63556
4642
312676
514487
431104
88746
380170
322809
205300
156700
356569
453167
10593
437959
251295
472037
188264
159680
488945
532502
220624
431970
195014
209794
385887
44960
275847
548107
512112
252208
505545
130609
388999
243855
455314
513665
180510
428956
167350
519978
267435
359048
447437
417929
411183
531516
7930
89338
121097
376515
410641
327376
117747
536181
462083
34736
539700
256069
406600
3606
456736
422191
241605
93066
53929
228875
271415
275581
73970
11607
470789
553131
246747
162980
274987
402326
317012
466650
54013
249103
147944
63170
558047
88763
309342
384254
473541
171862
152826
320023
364335
481370
155372
552573
83192
239499
435515
234528
400057
284242
291817
149687
56250
41091
395516
415287
111525
348506
51132
323516
163974
505817
264930
85003
329711
233954
527667
277778
383005
10427
519509
482595
180295
193119
309965
12672
127965
195147
7616
19578
346134
54967
384157
106125
233918
366071
120859
200199
422031
353684
325058
506384
120694
120312
399706
104219
473205
534850
41094
292796
76763
380479
207353
561887
128161
333792
214442
171999
290695
6202
321620
248266
455395
249537
186046
373513
460178
81308
444222
347651
83360
407240
30909
528941
80948
47188
461683
107902
153186
354374
361795
481596
563678
185618
272255
508541
59984
53100
140403
6598
366588
248580
60204
302799
474427
223486
474308
482225
137552
261663
216147
362892
104293
419371
125565
276945
108658
275130
262680
408991
484358
163932
331607
258473
305304
522614
412378
508743
57323
246871
352488
412264
413787
516800
498125
452368
309644
498949
519827
12729
348025
545987
213662
130962
332486
368192
250335
285315
80022
160838
554123
321319
46993
416127
153364
287742
4367
174579
401068
387870
116761
320027
525197
169973
484302
498782
292597
97919
90352
452879
559183
247838
544809
40941
42514
520049
521813
394775
555334
534557
528212
413879
64032
69392
396107
126067
68360
427837
38073
364488
319961
135808
100973
548375
512029
331937
540720
476590
30528
29606
216448
38422
548981
205477
175651
562072
159541
506924
545507
312243
124703
358321
274332
448868
495882
527479
151304
411194
104146
429706
551980
285507
152952
267219
134769
250871
304421
486600
502374
508930
48755
515845
12851
64179
535
445221
441215
428043
216707
191429
136529
496479
290267
22386
484634
41693
426652
229305
89416
222907
26842
434414
179976
91115
132535
353830
218700
538810
1645
117501
196566
47927
45144
252980
179222
98736
147139
154393
116469
285550
27684
197434
65371
478233
237784
504560
445803
74423
289335
470160
474583
348167
551471
252619
563313
415887
427822
355024
169218
39037
495607
534940
339296
391342
112567
72608
125338
555325
213012
281566
241036
281048
467156
244699
532843
451936
116409
11581
518023
207787
489617
311907
181103
493798
514296
101358
76328
287596
257782
521727
57162
190851
14819
461417
101765
426990
361515
250259
69579
338258
295208
275409
477377
381451
362315
254642
383079
247705
88630
286775
192427
449091
331223
13246
558657
531697
21016
292586
133769
503330
213809
8745
247947
443017
248567
54866
141990
455667
10425
94635
503014
552478
392560
273410
114773
170492
233335
525076
520361
505356
438728
67555
271949
543773
197419
549706
556138
336018
242150
49380
383096
174853
61607
455685
6997
234819
104000
347713
53089
269558
192452
220868
437296
484018
357422
201200
510884
291720
291236
347134
23671
197867
179461
326732
26763
139321
250917
326743
376755
316507
541620
325257
135035
364072
170582
432696
470359
55653
486154
326760
160005
506815
260726
150701
350783
510468
162229
246115
518598
355644
521962
429238
140111
284825
242318
297020
164185
344332
3297
307092
477892
32648
268508
167895
451328
165537
521939
442840
205059
547893
385861
302314
97953
161070
266317
527974
249656
229485
299427
458639
252278
59239
472805
140107
6176
544550
331478
122213
565421
378933
38300
120153
17507
81676
120197
530046
93619
424294
431537
179737
182359
319260
176375
186859
414502
128959
406196
305811
111196
282452
54605
145993
527592
407555
279673
494540
358804
550767
315571
439665
73635
265449
376749
110398
261921
112389
227764
252362
158029
474091
346256
225518
202835
399719
362646
205244
361674
62891
248466
292541
494709
37990
261548
67898
37396
537521
196525
387391
265461
515136
289422
4884
262437
166380
12460
327423
280540
32308
254962
11362
523808
184251
54906
137845
358328
302588
391134
180932
309923
510319
307023
157779
557074
475696
25052
467668
147860
4305
234263
121682
249566
76135
225124
141206
489672
33362
199302
123416
517064
199043
201550
481200
505181
382886
459449
106883
122270
445151
242087
436108
515437
298330
454526
89291
477161
349288
169493
565393
289602
234235
168245
251209
239926
323506
340638
212280
62823
207571
160717
309039
210011
446935
46553
274168
471523
293523
532996
536935
164492
418070
517448
76037
161119
351946
183483
344094
50291
191228
427574
467852
402684
42864
524495
531458
170254
307238
210240
543279
391675
227758
445932
48486
207153
101273
50505
397037
382105
377687
405336
330929
368379
419324
47008
28126
87806
443014
287290
264140
92200
383497
15623
475432
167533
33911
380529
226620
438102
386994
136412
206695
338866
440284
298785
555608
294602
252596
121156
276652
280265
304840
420352
375520
539144
528128
298557
528761
484423
111870
382363
233835
564217
184086
47290
254707
285012
267944
547261
81624
331887
509301
391316
508835
41411
248857
222230
271544
101784
350884
163257
329946
314566
509004
394924
212130
21007
275226
342505
501281
270468
154749
424429
102897
428812
238218
563804
368411
33731
141551
246490
561894
504679
529989
242768
347650
374466
268111
560841
550036
161540
482133
17825
151758
146426
51549
541750
369979
399751
248249
116969
421504
122296
405271
259462
94899
420496
426861
409093
49205
249199
20280
313691
564319
123301
467406
267098
73035
241507
26130
295532
505420
291761
479708
336531
278459
97829
244065
306674
393628
130396
298709
278080
67921
561266
338792
183835
518405
490990
488836
177660
186537
227153
139386
395616
539082
447939
523751
329713
429844
392150
301235
182023
345213
110381
304539
181032
512790
213513
545556
247190
309192
518977
509701
414762
302431
530426
438527
365533
292477
360589
79388
453945
167763
262909
363950
395679
26451
420655
527344
391155
400097
319589
539256
108636
491741
64125
290894
233812
262368
56350
442434
455740
16768
297963
383087
198875
454254
371995
457589
453032
279686
530664
225751
430666
437407
276249
90911
335529
257904
441776
179602
172889
612
210103
369309
438950
515070
535840
430463
66270
170345
498581
457827
255671
77080
503700
280490
191259
415015
486596
174140
473092
3485
194927
365740
21242
49706
362233
89292
96040
188186
408909
74703
128909
499278
41250
305066
555552
506332
386133
519444
435178
138043
435786
113778
255605
394031
511311
355625
