416797
198717
348974
193966
15111
552255
8193
357962
486517
142089
234987
128313
147445
181738
463240
430126
339403
457064
146265
320342
171794
125691
486996
353624
63254
160177
259477
464726
208594
230025
185318
15684
246716
549407
475680
553108
26251
521834
396378
536650
403767
494875
525587
70917
514741
154042
400981
14328
145404
132387
449246
326232
21702
139321
109004
541525
89423
403807
299693
353894
227001
455717
383175
536960
25847
487181
376117
343300
407569
165890
363674
326887
450359
544619
351964
432446
498781
46601
313774
454904
234192
432079
368127
36132
53425
337879
252603
539269
471662
296251
84845
55352
325390
148012
33200
370358
209876
231608
17932
457472
495293
142855
403345
48027
540137
142042
506347
314933
295897
94314
294985
554412
460969
199053
281294
2162
44723
341835
174173
209223
409373
190030
498319
554779
418449
404038
258606
36916
314902
383741
329318
419810
377673
387224
464295
411520
421632
349471
413570
166879
326331
203490
391060
193108
316294
519965
340245
426744
544647
440008
215502
17974
350017
133930
17752
194379
99518
472035
425750
318815
216072
337365
474092
139169
501444
252994
214380
171032
317753
171945
350987
549999
49813
118883
321581
179153
78149
237353
353664
429094
264278
316186
220346
403179
405216
439128
4760
325100
553424
260751
141668
75706
414103
55734
67863
154061
331146
54534
216306
524471
334284
437585
472099
462581
449640
126961
233462
125717
435124
323734
252127
308899
396957
313896
295920
342601
108888
187049
389210
526847
482814
224145
330769
324372
89479
390668
225991
557000
189441
422259
22408
402268
252024
454924
122569
296699
24708
466069
314147
308515
562200
272802
388970
24512
517532
199528
337005
13029
384108
357259
314363
507390
333167
307094
16170
358873
387263
460733
388799
535991
560019
173981
222765
284241
35122
87337
315029
488655
45478
401383
139544
134346
116511
544937
323373
442468
382053
175124
516581
238633
263518
340595
229666
522535
239546
26371
515614
265942
276269
370546
268697
75380
222770
88376
172719
358349
360845
368433
504712
389694
423563
113793
532881
80067
255700
167623
245139
468633
509583
486514
227994
505993
59895
120836
17144
494260
448801
141181
417436
255198
262018
87274
283154
211130
551327
173561
173087
432671
384852
493109
347214
17184
200575
447757
502405
520124
536530
334187
404930
472066
239920
7083
17291
553139
431408
174410
275157
424225
335427
17556
513862
226132
283570
442545
269920
514720
324759
48317
340133
133260
456721
170180
462285
420341
411665
275020
168071
310930
54331
153660
543876
251649
415370
35234
312479
400205
190640
204320
257820
40573
296642
379168
269828
28929
236103
465767
18820
252593
194263
527308
357395
172598
196267
251014
117663
105162
9796
564504
348157
358005
132397
230554
29344
434400
148901
64563
415354
537512
197232
76085
442356
1520
368054
319090
560202
185000
505980
27891
487848
564687
545608
173479
9073
263990
84716
510433
25330
284899
477479
485871
106754
229483
98321
118313
298373
168503
344435
495937
359172
373482
95137
430375
84048
431302
455925
419922
156681
115439
295134
487674
440455
70085
554675
257135
487645
379098
282096
46575
554720
237488
559657
65978
475977
537847
125192
525956
337434
343064
519451
135626
1698
226821
102589
10519
540579
382085
554867
115892
157680
165501
232873
263993
204547
385272
326966
477010
474329
315966
86926
463336
457520
494945
118971
286669
156632
479874
107444
501398
349704
287097
358373
467366
86406
20290
308647
230122
486608
485279
521695
373649
432879
536351
169472
296541
414360
559599
269273
304430
14446
430614
123024
71590
228644
387736
482898
439171
339090
440352
467739
427045
344155
475989
527344
275444
269972
124972
444579
393513
18156
436526
459764
472423
76624
522509
463877
73768
157709
376889
364307
49996
546958
242155
365426
51172
208473
384382
232237
7827
186903
533165
526078
254196
389902
301884
11747
268185
539213
347390
248174
145929
24161
257706
46300
550820
42809
166602
291632
282151
368047
385422
414606
283557
133177
293135
400174
40914
451035
417328
423850
128134
110657
295431
526567
53438
253697
72536
219
251120
327972
437663
168544
296255
385617
185143
159816
509557
138560
466725
401576
493599
419599
396433
360444
366719
8395
64429
202222
496451
64761
62366
118024
176707
84842
261957
460052
370029
531186
402616
382340
547230
454560
531318
142985
420597
260743
358800
278223
113475
432177
265740
388126
184300
65573
344796
454910
425132
246630
153950
37473
248389
11845
312076
523416
246417
138949
322897
453565
448808
154364
384591
501383
133721
393786
154082
271579
181717
453909
42042
119074
68886
157647
544065
371987
33026
360349
226641
536214
482280
314690
531422
411368
428380
22527
400050
493882
13841
43597
226833
321406
383841
495372
466385
41459
85617
295552
92928
450500
124897
333871
5189
400462
365732
386061
165634
485233
35708
480420
359413
494480
211338
171158
352078
507977
380823
358532
182383
349183
109897
438897
409630
110590
475330
306180
439368
59703
311668
85741
24401
303222
311997
281628
103762
26566
70517
65295
104838
237013
191145
495037
118582
334459
259771
35772
372841
509222
412895
467472
30207
210489
112204
172929
100285
200754
255100
434040
225558
342611
410314
471042
118284
439619
152287
110005
451818
102342
301121
345008
318889
451019
340739
157452
170478
178972
183580
162346
430836
143530
286777
536812
540618
8714
128425
124123
563363
562939
93443
184607
346009
254016
485491
519814
561227
54160
252027
434304
1480
318295
488175
108188
309068
559052
99221
531574
481695
60374
350227
210859
260712
472960
232086
289148
7359
77157
446015
458357
537767
144969
107630
391303
184155
499889
419220
437817
210484
459336
314766
553822
333517
226322
51397
340291
68393
182133
407286
4728
151079
336230
336151
49540
496044
338387
138767
214273
56801
167305
510393
195447
409157
433363
29077
353084
191661
398280
335792
140787
212644
69891
406711
69407
144412
463143
457216
476917
535356
364351
456
535021
358511
154974
253858
336947
341596
92355
98859
240107
6642
189375
490756
268289
185549
381733
49921
440479
169337
484151
459611
134509
458025
176635
496407
401628
506236
369987
498379
475823
365965
66294
451395
142615
52661
451842
357307
226832
208528
408443
80564
23904
447710
239633
462957
344503
323209
511766
557469
298566
109939
42387
493548
186772
365803
450201
249459
413164
564335
318438
301720
288839
144981
343882
318681
147315
481653
428966
307909
97056
93806
85595
129505
314129
505253
324772
481329
174235
274489
110295
398458
234175
193448
95734
55784
20065
176936
199280
313247
195813
107291
112699
9198
509651
40666
439637
286122
397393
58099
190524
393846
398384
239997
436310
172895
549524
94410
469009
121911
69772
510490
516580
337755
278688
401621
501454
353764
220749
437052
263595
185063
205009
262727
179553
192653
346530
155871
409995
129149
312773
297150
436154
81720
390707
519825
245696
54934
349473
293082
501070
302339
343962
231398
420079
468153
133796
424066
479503
306798
212160
310272
360221
455537
118232
436147
150937
170441
262835
414260
256791
511796
62811
153259
47721
174674
129545
475717
380899
25174
14263
311696
414135
276839
241772
259801
196128
204470
303625
22856
44426
493924
481927
303108
475750
444618
150867
84137
177495
426401
346326
179657
385636
376096
110912
267801
25688
268422
257086
39938
287878
35691
467576
470246
439502
275163
437177
136416
401959
526893
545182
551808
532830
408125
214456
95377
298449
156888
276917
464832
312490
373567
54304
197551
284115
6317
480649
349320
308118
317290
178700
376203
12790
365636
509186
461426
145002
440800
229193
115977
132955
111748
491787
288657
410612
81806
64579
556644
329545
26314
360361
522086
356292
129496
85531
225835
306793
488305
192312
394587
473832
32711
291253
545693
55586
405648
486271
9655
179575
367403
373866
152670
121450
564610
425121
404442
91387
252351
307468
346869
540079
447553
354972
409563
493949
439863
95864
292987
416570
328799
211585
541606
248037
241587
440475
370215
546038
366298
77783
308681
383612
535889
201785
398158
159971
191120
338389
519353
271886
359730
193827
141010
14272
190382
392012
413209
144666
527236
34026
256140
10659
393863
133979
66344
478163
488172
65366
365649
111085
96118
498811
209392
274893
247333
463657
153368
508001
447988
51625
12721
527993
182406
336324
110351
564885
542704
444615
12826
543607
526934
549476
522871
322999
7245
381892
341776
280566
92393
516324
456963
542244
460070
316272
182264
237939
432250
517928
319086
387716
246263
427975
85448
235650
439136
27558
366602
461892
256222
537298
391554
537209
261129
554520
512555
215635
488946
323620
202647
198807
283336
562052
407206
302830
529501
483490
32922
120906
470584
487817
540791
37979
533238
107396
332649
248160
120533
277766
327459
145580
376286
250407
520142
267470
459090
4125
317612
2626
70661
470605
209523
364890
36033
37064
362461
507607
343559
228677
56627
196495
518916
52398
442641
447346
479835
426296
60637
338650
481537
566274
27432
423581
184792
299084
49809
352094
310329
188630
136166
267810
85029
132594
178016
8230
67752
233693
253768
467997
418342
37135
8764
266794
251202
231366
434253
1040
382082
443790
354997
365297
268456
231016
226874
534803
453869
547466
282605
227253
525532
401631
437862
139194
425627
295511
355412
264284
127646
265669
290186
4881
3042
95632
131530
466590
477317
344547
102260
504473
290409
176279
382086
4686
100009
251865
469874
230490
535082
10514
532690
179767
270999
250847
566055
44198
519260
207625
327157
522933
501042
420705
154093
191009
550735
266741
224662
322669
11352
309957
347755
687
501909
18554
179215
484193
132608
88400
226598
140141
316412
343966
566164
331644
330122
391279
419959
61500
460633
363486
45427
276345
456609
503135
218311
16244
225696
88936
291216
112352
209000
20186
466903
222408
148155
243152
312293
351719
153424
82131
495806
300300
169045
130920
31644
158958
419868
61925
557908
293448
277559
155318
432730
151589
187576
322638
172493
138739
55547
501348
109078
469373
176044
472793
468985
457827
292294
64149
346511
554859
457065
188092
123561
488065
140608
38229
275269
242235
342610
54392
532752
342710
5801
169455
11668
293447
440600
26970
387432
214882
563399
17926
125189
234888
368685
64013
484162
387966
312150
16706
489174
5625
266028
443915
339281
19208
505747
199932
65111
154805
408256
289312
271748
339676
187264
478460
420716
317710
19244
328352
12363
246686
565858
160719
526996
252645
323810
417421
29297
353373
214010
220306
443621
242076
418629
556808
416743
435084
69328
551463
81341
404768
206580
428532
363074
243406
388902
338491
556086
517114
550975
287119
239337
499247
194955
227206
552386
58921
329004
440710
322042
546567
424347
297041
52016
155489
264654
559062
361325
209339
137287
451268
286946
346853
27679
144653
262306
13521
200250
421988
6609
403376
120402
114945
480094
88321
537948
52915
154883
289790
557993
475092
180074
487208
534623
223405
324612
533849
337238
143415
488942
471315
444761
564015
539307
454516
374319
78097
134562
336376
61723
87395
343229
335017
132001
501826
48862
279780
510110
241857
343911
171039
224982
512201
472321
380601
318226
212384
272187
12710
58854
42370
536761
459219
166554
333818
536293
520254
164256
492783
32505
359424
477140
410438
182555
317545
401119
182573
497748
411584
426806
13308
23629
134416
294710
383566
7654
372252
322404
343383
240343
365564
459899
328490
141970
535339
307800
177471
39790
389804
144153
392629
119785
356471
51781
24473
471481
101488
549320
439399
546283
412964
241372
24866
251183
20747
530935
358580
447340
433288
398811
423221
329409
53288
26010
463103
52502
215933
434193
540357
180701
336287
378533
462051
14041
417646
438190
436550
101474
174836
69542
118618
49543
425202
525843
340671
230393
343875
86129
417708
231870
537279
320071
208554
296163
416619
525679
471594
219922
495410
147495
329645
188398
202807
208303
57524
86525
485846
242490
565301
457873
353738
476744
293625
347079
481747
280037
257283
424681
451307
152514
109481
43889
110500
117730
138059
49231
116601
382126
28159
530464
553258
304826
181059
477968
280454
48044
316769
97457
402302
299131
141988
242353
103397
152525
97901
297247
259466
383550
226908
165722
368875
55324
131892
56652
396188
231489
564301
479823
69557
349551
529350
73334
403176
135799
269078
240507
410041
67904
426563
492532
4901
214479
15747
171663
282270
254466
231139
306237
364550
30551
279653
378828
217708
173990
221850
359368
511661
456543
306510
296890
340230
446986
226561
296633
378611
359702
439050
109505
49105
47033
349550
253788
20331
41822
188107
558803
13614
169926
528508
20862
348371
36577
116447
459987
277824
2209
42339
83435
29144
338520
185714
179842
138459
260134
420149
558598
35624
64746
409718
270264
507748
262763
424466
559762
379335
414102
183236
326918
482394
307102
255608
260467
30184
221315
356738
101162
347549
65870
87543
129935
308133
531519
450436
524941
115226
119400
27275
502816
548040
417059
420416
198865
388465
56901
111882
61498
3829
3041
49462
48776
513742
174478
105322
92353
345147
123639
231028
90641
41306
491780
327072
551514
6473
465059
124568
529314
313882
77451
5166
455661
341302
6669
299315
42377
321386
150128
536958
233099
75362
405433
531311
248881
356037
5888
435892
333779
443874
522639
518669
264386
266711
370551
175137
314719
349353
427339
11687
40230
379894
315937
221977
359080
87996
19664
482972
538510
311159
118892
373608
190896
15928
278968
178324
286830
268989
265608
75151
125673
134506
536728
125029
57264
96462
99065
346760
33491
312340
409507
564555
144273
90513
404708
194564
562866
489110
332483
117794
17913
125742
335420
16751
253283
305630
250264
26943
123462
457743
61496
197750
548944
61344
98250
373367
128387
531338
163020
33054
490587
427130
120058
66194
189877
15117
283847
385659
207352
527357
50352
516009
198908
211593
433212
99816
245170
217804
77789
480511
43263
389536
347717
417898
112874
89595
492663
383953
483240
534864
365453
80230
216000
130346
209346
388329
62726
77372
98283
362290
62622
88409
457149
327138
289910
340636
301034
96763
363837
275862
322079
492106
95349
98607
502130
199011
341452
436106
369541
522515
56397
511608
465738
139481
315515
446765
48359
343690
459785
523537
283915
263084
198387
80473
132907
281573
345988
543982
423118
32148
392236
211279
435704
386236
249601
415399
82443
231133
27808
560375
42045
492265
191160
565276
282520
384530
1961
342376
316361
41324
284411
273014
383101
513062
109013
64467
327510
58751
48714
329543
96358
57302
104522
410568
24150
103099
21655
500208
435836
137504
217045
385413
562910
220256
7825
196982
205737
169696
435095
92871
547218
130011
199857
405349
451278
120623
372625
193219
224838
439959
453328
78246
53702
56238
52091
256873
259161
207006
212006
333155
298000
95428
222488
117011
470099
360495
381496
432673
553561
11016
252178
74203
488327
467034
456809
200176
18161
365374
391047
248395
46284
363921
260379
185338
19349
373303
526547
1072
327797
301708
93015
178104
94641
157715
79263
36082
234917
326773
396798
96960
459971
537027
58056
560511
539561
84613
227180
42237
474286
490514
137898
471853
424076
511045
320300
63004
138594
365338
472402
4387
253133
297212
180173
339960
387703
275851
300053
540819
166945
450061
23992
182152
127184
21465
466896
193655
502299
112923
516033
61583
275106
519954
448347
30709
401080
336035
176495
522624
196705
403838
308517
510824
541194
404895
524074
15790
532956
302604
147044
558542
380671
138109
481509
470685
128958
333643
166114
503243
235016
277393
69843
250566
550740
391042
430676
234336
112142
308056
479184
432547
406771
278173
15544
234040
73764
409557
530074
476450
407043
46724
491604
183702
448104
94765
393092
257628
561523
89174
286673
325952
245495
381954
349075
274900
283105
482554
466394
212890
309581
293290
30731
535479
274118
13380
58641
371894
533981
169247
362170
227652
447003
38276
388988
280724
316255
265695
74910
498521
55856
216841
390676
388387
366660
169959
254306
370440
41496
318803
521588
116903
317986
562311
497918
173947
246078
328611
563108
30653
161348
349866
343768
352621
228807
311413
376550
424934
552154
372014
438667
544968
68597
537405
501923
66312
78397
372207
417026
72990
424685
396446
110239
10424
18771
187735
250780
349728
549160
509413
75510
67857
496722
358103
104589
557221
162212
371084
132875
470820
472153
296711
282158
384156
16039
422390
91316
553102
446823
46264
429899
548200
403733
84558
303247
348631
527389
189453
260473
462466
334308
150702
294982
315644
179722
386811
82215
48659
134006
143528
414976
537289
123501
503767
32962
4944
339129
558795
49087
549313
30418
257973
503973
504071
371496
357699
209159
431032
534374
140221
559667
359767
407969
316071
6529
515699
260107
394804
169443
28762
453421
561664
13061
418849
281186
171305
25635
158919
253139
535561
206358
474979
268856
85752
247844
458016
210107
84801
263924
169008
121032
206688
158967
164088
517790
67695
184990
176322
507960
280709
73753
315409
42800
472757
542626
233465
313459
14833
551980
309492
393920
518966
68628
427528
356574
186202
218319
18470
536455
86999
118596
374370
75813
191427
175028
306120
409042
138465
57020
489878
244179
440285
521056
436464
385943
559330
11428
102684
255677
395629
403951
108451
445161
483515
136457
245821
497464
17971
291924
206800
232991
94883
481770
250135
248740
150751
2999
127258
297516
221055
17470
424404
454718
249806
151461
300002
502372
84260
11470
307829
424432
314235
118198
182042
283586
217530
97355
67053
423738
415014
333745
266358
115090
131400
316284
149803
208204
238235
69767
209565
258300
47249
144799
20173
463763
262194
510237
391486
169239
492546
55091
373977
386387
109514
493295
314976
169817
18330
538194
433045
482056
246454
118858
396560
559965
143634
353080
22861
439044
488317
199329
298365
332320
134021
298842
516586
550759
53432
497618
217209
246885
86975
60895
539531
373422
321868
242854
268027
115544
88859
435137
131884
475812
287970
475826
390468
252962
312034
127052
59125
495521
403789
384986
73670
323763
409319
498177
406016
237878
334886
94419
307255
439159
493424
129906
133802
16955
165764
48376
352326
307187
444927
424830
122771
426257
272677
438804
86078
450137
461825
265877
427355
78615
377259
329727
40008
377874
511831
13584
163620
515889
314008
217116
69108
48547
179502
47515
409875
370612
479735
195568
118184
77844
520288
455224
179649
444797
357909
362717
320981
57114
94824
443603
290569
388729
112108
464035
549239
423679
32545
339529
400771
35189
98064
175758
84082
437914
453574
408605
138948
355308
517121
26514
22593
222774
157061
148110
205208
386268
431995
333314
409594
39882
80615
456855
350020
138895
214113
333333
282823
558428
512315
145505
551608
413000
137505
9190
459887
257808
257306
251601
515189
281245
61914
438130
325728
115574
108848
329552
450375
130700
396488
536504
408735
501438
2333
263377
466345
533398
333771
5887
301236
481744
158582
125588
68245
293615
465497
366407
127278
366310
182112
743
543313
144646
69641
174195
134744
179942
470237
323452
34505
417722
533699
258380
4542
228261
274864
555755
541388
376360
25266
389053
226430
270874
301656
81950
270356
525212
504799
358375
135708
102920
234712
461756
379516
242554
16141
315814
114807
54740
43369
432581
462130
428296
307921
374832
533123
335216
560943
443040
83509
245448
400943
526303
40220
443468
469036
276799
273592
163821
90604
298805
395768
395153
397537
274421
297126
399114
261940
390362
51808
74561
538482
416033
320008
195811
267511
418416
146097
234488
111844
423028
114289
265029
217798
95662
415441
53120
491476
278721
450076
121545
174641
410550
319154
514418
130759
393894
243109
227553
346049
372251
377865
113605
338737
363796
421528
63520
148004
138754
168555
438713
244777
211578
181322
401249
230543
254505
57383
333139
453123
233199
433358
5280
33602
122944
96729
73275
375965
42206
399938
112813
37777
136936
301706
198234
6308
18264
484762
165375
179869
162840
265985
451592
90086
327645
387228
13082
264943
214036
157047
136908
229572
364738
244612
306637
95498
398013
540668
186803
484012
124195
12311
170887
487119
257876
125878
144886
299828
99530
213055
71583
484260
10080
114545
303305
145313
306695
73300
485824
216974
338290
263060
43505
332263
131077
559685
529751
521307
76371
191236
44719
290525
82547
118904
186389
398378
218435
467747
507378
420986
278704
431749
551771
553356
150183
430574
487416
262888
12781
531165
348977
555019
78081
150999
330660
115478
429473
225228
252906
212824
212995
425664
376448
59968
471537
29914
317579
310881
303257
534391
311083
218920
275378
185748
23905
436993
542118
91768
416954
462374
371988
123687
379947
248089
269276
433237
62503
336665
361288
128224
520708
168291
391955
217611
112045
332082
439093
326684
303008
121035
252097
242575
502431
82760
145961
269300
205709
527233
376478
308235
237600
349189
559769
373319
448565
368460
8753
394103
181396
244788
436083
59741
550829
260369
57354
88407
11777
213140
68397
170121
242947
332760
476056
57993
28864
558197
234442
36540
478758
553765
238641
106188
556170
80126
346875
419205
61895
90185
551239
267133
173173
493475
204389
124544
172507
360270
118659
370566
293126
148949
432733
289700
557663
394131
109755
236469
349588
111774
334614
434947
500623
43618
399180
295036
95572
292236
312807
280464
491629
137210
394630
230853
113232
427409
74695
249196
458636
535044
205007
228247
3734
111302
124891
383795
141968
443820
67644
160002
558778
324851
100375
375660
300779
385470
170135
270040
45583
472055
413673
205600
306460
386094
148575
556001
113291
423306
311937
63572
292742
284768
307164
529017
148967
275599
562916
141805
284517
462870
396655
35377
342040
156704
565040
547047
413532
154249
262385
241519
195553
307823
197564
182458
248783
215140
342940
161943
410681
155589
181458
261796
437921
23940
13564
184272
195624
520010
343582
327528
497275
182367
363990
68636
382982
259234
367775
357881
542724
519486
303193
474308
549951
476975
164626
247501
285728
565894
32032
356324
472317
501142
475187
295799
148096
71159
229182
445947
57919
150092
417376
129452
186940
20976
141079
78992
13103
111821
249911
341239
263182
101605
445076
470554
38029
258333
338340
227627
178509
150048
59542
357235
415103
439756
564351
473026
155876
248794
111215
38439
145250
267884
404148
44706
131396
86878
258444
507932
484397
422189
472909
381991
438231
95920
323502
173217
526514
501536
73174
401602
260744
365580
202481
63508
362273
548693
248478
463475
249163
374703
394311
89019
117480
223439
176414
417529
487214
75159
373229
294217
171751
302997
328483
46720
67065
229250
180029
158776
104731
231861
399979
564003
39037
218924
289993
523331
232698
305027
125062
467641
289040
253512
440791
529901
369266
21382
260127
483820
222336
217614
418534
313489
406553
176143
127247
34624
72658
214818
45428
348261
459996
225053
434451
410340
427176
337125
314682
314771
315099
150897
15201
182014
100996
232286
180487
119744
402305
445118
284999
172858
68619
293166
494705
11261
323286
128679
529020
518411
521661
42971
511101
517835
350261
315390
163450
552730
154840
301187
344741
177210
182335
553842
24268
336489
334691
419436
459676
470315
212780
341797
242727
533438
107012
181510
33804
22440
492186
122326
32671
374827
18354
458713
499701
149731
149785
468279
245281
203672
432213
125634
97306
273401
465382
427583
248711
157266
250347
35840
82519
464248
211437
403031
180320
436516
354183
126386
207491
325506
6221
426482
32010
201346
172007
272721
432674
308459
252842
378444
374796
508343
352408
203366
30123
139164
429713
558576
22765
412998
53738
361310
475222
181829
31837
515668
530312
160688
561726
473100
564708
249552
367301
186531
405907
172134
428522
462239
155337
511292
309118
367799
83968
239692
165606
517601
175689
324215
139608
37476
12486
69584
363286
464529
349262
7324
34080
4243
389569
311354
4562
55068
74867
104074
522970
312284
389661
142047
232435
181865
14330
70226
342811
155893
137426
430612
209169
565803
16964
237801
224917
385306
463210
237125
537330
472608
84039
48964
465874
363898
520645
40837
288067
219318
352166
528808
13533
286704
82991
561883
63028
228505
27158
262599
187874
491178
284224
282539
503236
204709
192441
449842
7024
25638
223201
494138
305294
246236
161462
532706
103963
276382
505443
130561
558612
538239
225983
258550
71201
77866
87482
524476
560455
359162
392138
160388
119771
8686
203408
334712
114422
490177
60841
165134
532529
491250
341316
319811
209319
391967
190746
83284
10438
182862
42931
402542
407155
467416
404879
43892
428667
149068
40648
503878
424464
471946
377351
208504
531897
334562
25713
356934
534508
126921
343787
252241
435382
399821
3150
511297
191778
413578
449581
495218
57809
279631
275112
147157
409007
485012
471055
185149
310934
109752
432795
146355
562293
502110
504957
192193
561063
193185
549205
82314
506356
278334
41218
325484
398743
38798
16960
409169
257897
283822
205230
36362
531899
255676
488471
420310
448813
137412
390218
187542
7056
346808
379592
296185
534106
79492
283971
552999
103064
57697
299234
103032
426273
38801
45254
430752
207301
565464
418651
505063
307286
266739
73005
96871
524335
29048
367957
494932
252610
346150
217782
95095
536222
38836
102170
497607
255315
522053
149641
2358
21719
25836
489347
537060
151704
424035
22679
260797
456193
360213
142390
119390
233603
656
310398
421421
341861
179040
126560
162144
222010
279345
134336
342003
76552
309477
423420
117284
140776
83042
503568
315912
559536
413775
8043
91051
413488
71130
448004
497168
322894
4296
427407
118484
410942
405051
400555
521508
93535
370671
239194
299979
6232
30723
56252
351849
403935
470661
11368
166104
305707
320215
357028
496399
474211
396429
76050
388494
333345
296140
171450
426223
464560
60397
351706
66820
505647
29740
37184
196365
323460
375546
426638
113710
43385
343273
32855
213781
371223
429873
60744
504250
130165
414024
437015
370936
564640
431239
403906
269288
26989
522743
139019
430438
541766
492606
503731
359902
392287
306148
90763
190063
304395
65416
76591
227978
256925
388071
110899
381534
348647
417046
531210
314040
58109
322851
324486
423276
118828
378685
139979
505800
500914
105213
476400
119425
369777
9691
409671
392268
505269
28358
52038
166796
146844
484195
120406
50566
204778
433607
265073
336170
321215
537419
212950
499830
553775
321894
513840
299740
345148
432737
513146
241215
493184
453855
61854
508825
269138
73892
70493
294844
244594
70808
464961
74382
109590
482127
63624
492506
13229
346367
183115
51511
213993
285584
413413
459525
13181
388877
113476
6007
425025
287324
537772
247049
484741
466639
281098
387234
116978
358021
128473
482463
142176
511435
541923
127729
435481
372128
54790
304299
6076
398017
134045
128193
443034
251454
396689
267343
262950
53317
326755
211266
475194
433966
245626
323439
229492
62133
350691
505664
494802
486882
297922
330179
6183
143246
109904
71499
62880
440206
441221
298025
310879
122017
53195
233230
452585
338719
151327
254531
8258
556401
526984
118397
134283
523012
283733
367688
546432
323034
374104
485876
95276
286767
147821
478587
466321
543929
257433
95381
479594
106484
293455
472152
436118
23684
181745
411228
60971
502831
142557
259256
5558
530709
18488
253023
341214
536233
335503
494423
523856
188518
367279
248958
62981
362557
747
154886
283497
93068
198156
432435
436495
36189
3088
237545
47697
354883
561220
134764
329751
444624
180724
224825
452691
245401
208396
507576
384349
262193
270882
386786
150039
12362
293830
397480
242596
109002
350629
510539
1507
334929
264841
337848
97112
502545
78518
521694
343701
496881
468320
209198
376258
404836
367224
469891
508690
473020
566341
317365
215725
521955
530589
832
496373
270405
176218
97391
458513
306760
357252
250175
121102
159583
202101
57802
18806
47078
234934
129072
328729
136822
172462
184005
331310
469541
207487
141994
444747
47358
439771
386810
370929
109249
174837
142461
197653
245186
309990
177159
333198
272060
43377
296033
12124
448111
141493
54344
160552
438898
94837
73046
52054
63199
69855
208201
11231
116339
18216
354164
189266
44473
118373
255694
531327
204886
29098
161644
542236
321853
79430
547032
25632
97678
363100
138064
221257
294609
264087
441966
51420
469462
83925
209458
6885
110903
110949
178720
321083
70314
542175
174314
60420
524243
379478
535556
524650
181994
14793
133107
302107
337053
386491
287978
334642
454878
407388
197210
111205
357925
503034
81359
180220
197809
343545
116589
162494
497702
112211
59323
423121
175685
389591
274746
357779
369420
482734
29580
312354
100651
522634
333035
505165
57468
93186
523051
501524
35775
440812
92548
279095
113309
60722
240288
495022
455739
303615
33034
363861
383770
229815
82689
147450
239113
277432
565554
149879
64979
233654
482186
162430
153754
425249
418428
362084
86349
278759
135253
87870
81683
6484
292152
404386
490677
287079
495804
137692
77281
437798
265455
425579
471088
539142
530641
343713
427924
362641
500246
207010
452790
141408
449669
394032
43935
264437
307369
68274
151732
556244
308812
282282
64056
88372
258377
222357
450993
194556
258809
473697
238267
233105
225440
45740
302086
321042
163058
529971
30455
454182
475167
1776
545980
438101
449510
856
153285
115681
462418
197485
531135
54029
6811
324545
300063
383049
235943
229450
309697
561496
137539
177513
85048
49117
144741
16658
334609
65523
464927
533755
121999
412979
149928
334615
508311
12591
276655
73281
75080
271056
69310
508091
62696
191920
52923
120790
314725
213284
229945
439325
230000
542096
558511
86896
223692
387517
416872
32761
120994
423000
75
511652
54747
95845
529037
465958
258181
287769
334479
270587
459561
320369
358043
427759
11449
553958
191873
132653
208765
301016
555254
544633
381721
100001
285934
501580
419571
231419
430386
136114
103320
404634
255453
19709
195799
542292
113538
391728
440110
17362
305791
521291
100801
449550
332535
537687
141650
55344
396744
472472
149120
980
224290
550175
495292
390603
426756
464996
323387
560974
173328
1353
206561
442534
506351
355794
518023
247271
158106
107055
507507
130300
362599
506343
173654
414026
290961
510420
113864
125828
530533
403499
257860
142949
214824
549016
530140
373215
242190
372216
123031
436389
512544
36276
438372
371454
53538
410842
116684
490634
254526
521362
337588
531762
91577
240121
255547
258831
479246
54113
306992
100662
128360
421914
97379
48526
115738
180651
222686
463322
338512
494136
559158
214111
103901
453957
76876
9065
293508
293515
517375
207024
54974
80684
25063
17468
466835
67773
188871
61400
1029
61111
131135
353808
292365
165863
11125
72526
377954
152654
536143
458307
167028
501560
269039
176962
241724
255241
280434
255581
199
369985
142051
157766
333525
87101
238404
347376
188336
480260
78859
432175
6103
420299
213034
562395
155855
477952
59466
414319
421244
327233
225057
509761
255357
237758
19102
247310
188938
51202
244267
334393
505057
231038
485771
492205
560144
282377
53909
240873
523067
409096
320819
158577
450448
215661
301694
535004
561120
158319
466511
489709
192673
97536
541868
213715
191264
94203
343901
469540
18367
203653
94397
522073
67147
431975
552103
266721
232775
523049
434673
158943
143208
93790
287524
288718
55703
556402
240903
112458
284121
336966
530832
407982
450876
328975
540850
110000
477971
178917
344929
348683
514521
342073
160948
356798
410586
388989
561064
193815
494055
553559
235253
188897
292550
522079
100143
234353
518342
383990
40850
222627
159232
164675
321973
309903
367360
421624
437516
360184
355321
11145
307418
326955
219455
135283
208908
21999
532337
34666
317639
179061
299439
366143
35149
75747
165069
178956
477306
81969
61327
440434
520640
27324
558339
284655
563578
282601
524578
96564
525640
110651
64328
187048
278385
241079
102278
205427
530986
34849
97749
395357
428669
170089
287864
343743
411266
154751
509131
127675
174658
398268
350196
172523
364892
329572
326727
68477
432318
63242
51077
45315
544591
48800
213772
325615
556069
53989
463590
135624
18918
274904
498688
109325
407402
509187
87169
180180
286321
420026
98923
422901
194630
217919
227046
506206
254761
147808
350925
503397
427586
32559
154682
446165
503186
240382
116936
510979
428001
390530
543631
230968
552972
380554
340629
286595
491678
61065
309859
423659
364032
437440
280414
57674
170410
387326
514838
199191
53125
96868
75165
61514
323196
172138
118400
288970
284247
248875
387599
76337
145282
191424
109630
462142
433572
531852
90806
241749
389954
559684
250386
335390
522004
370731
448178
406422
302649
247914
207851
431372
530660
531395
478452
274333
384616
445333
178120
223438
161459
149420
77343
46083
172238
21262
314328
272727
36702
521205
236458
463723
564807
137070
495667
281570
562406
276610
138599
40296
92588
27266
194535
81707
291513
55055
408736
121000
243589
291268
241391
149415
46983
3853
63435
348376
502281
159972
219297
315447
481916
497648
59404
273568
364650
408646
205768
432899
131639
297246
561859
472271
398223
187207
389887
427721
434101
192448
188626
161700
415589
485930
417976
153353
181431
302183
247983
485039
98071
72028
166644
316035
414559
94619
558195
260888
380046
518338
537733
89653
509594
381039
435353
371501
554296
135564
46378
442250
69723
129250
419937
30692
136107
499447
7471
186046
304181
224803
487280
203024
177988
259125
229360
241832
269859
168760
9092
457388
468810
414722
40240
192779
54715
293026
554717
253574
163817
311140
189122
175449
447114
326117
464925
75328
349910
182259
5132
423072
523835
459143
44952
266107
43517
26568
323207
151522
142125
379701
420859
420077
383627
554327
303763
185477
506676
355629
198066
60980
213739
338141
422003
487759
298252
210411
117750
563559
458588
103877
438972
8828
169832
564823
209833
73924
144778
297903
291831
411867
14197
207404
127421
27819
551135
364816
168407
446086
442510
239560
193604
390301
405687
213889
447635
505519
481937
16931
306561
563644
188516
342960
33230
261822
217569
513188
236489
246294
458652
171455
161948
152142
195910
162755
352649
71723
121567
403911
214899
147456
221482
483488
144042
449413
518106
273290
18153
84226
398491
441693
526379
130031
561982
485688
267020
112890
231826
418641
279207
69748
24205
231390
127445
132925
412941
500125
167505
461639
556612
384652
436051
544329
439351
3531
116200
496826
523833
37043
52724
458108
387020
111768
293404
63085
453178
547595
530763
313192
388610
331734
23224
476061
157392
506399
389332
277404
367594
356415
539199
525223
314927
226495
397080
428746
412160
91414
345512
405432
543063
411847
271221
375989
461653
420920
285701
237485
287682
254578
509311
83583
305738
125283
279548
165453
487783
374025
545469
515578
173028
292201
378202
99681
110136
218096
393282
387779
304691
403287
259265
100783
370445
346685
235991
268821
164808
382656
399643
465976
391217
266067
255411
520928
80012
564633
549010
565575
379097
314115
406758
166258
353886
197598
517009
426979
130034
392647
508842
139787
363639
21036
81170
205744
520535
543366
260967
374051
560849
315144
498495
433827
373733
32769
563257
34303
340165
9285
557362
306001
457918
132190
76010
361796
549828
508428
125947
292067
350540
92578
396915
65392
218133
371981
287732
544956
194503
289606
232049
305909
421579
18099
118476
284381
76819
160424
38795
343350
445471
12791
127978
23249
513766
307236
140333
461348
166477
295760
251560
251941
29904
263571
54459
498095
342508
442197
398547
94896
223828
505952
139126
551570
230400
40311
61633
121494
65304
226500
290505
160977
97246
155215
63493
560918
546411
95753
271091
506420
453706
93205
253308
69267
225608
395016
177780
250772
131338
209871
545668
92602
441095
57187
316400
22875
151306
495594
464357
403631
76290
117447
227393
559588
204739
300945
498957
547817
285847
501963
81044
392645
293456
45966
253090
393585
538225
904
170036
560703
455243
221876
176994
22950
346342
47995
229665
418579
183547
23360
87813
280257
70631
489646
527707
291437
333853
382114
483044
287989
21675
416203
173347
454439
86067
128525
272673
544530
435113
102011
366412
331020
86889
405014
252412
112809
490840
239745
368585
478939
172824
522124
101275
450435
513245
515897
9794
209692
86795
276295
336506
223954
77769
494310
138698
398152
101429
180693
157814
382000
227025
417385
451557
43985
271552
132315
152212
330287
256564
177316
437932
183794
91441
280477
515358
482543
95417
411701
331539
506131
389823
313278
460808
506500
127567
266439
217633
491803
175614
523887
214288
466923
331482
271122
333901
472456
119048
191637
217872
1542
441390
58160
12513
363523
146391
438594
115918
506018
181392
399100
46245
229404
482761
477665
30328
220353
427971
220932
209831
1512
220747
137046
293594
225643
120265
531187
562455
85615
545520
145140
498457
321296
44244
504028
49958
171316
540511
197238
559060
13119
188781
182158
186384
180674
473913
495661
211519
229881
420540
160128
67384
97539
14691
457892
426691
411633
287725
344411
43594
8279
456587
126868
249197
540747
135332
236654
535160
517959
19806
429559
256452
373852
108063
466389
487304
465525
484423
214700
491331
204062
272988
5249
335937
18321
246625
262064
235752
102012
486037
557762
275861
10778
79248
312597
187488
748
141976
74534
438021
177834
359843
492240
554248
5857
293917
5296
376828
389172
406865
241884
316563
462691
209693
481614
467445
74631
127206
200847
406962
324217
440848
233281
412731
259689
82118
425008
370436
88451
288966
364953
327594
274693
485767
28386
163934
281354
140535
398880
124036
340610
169231
9325
366604
138854
131185
84905
55416
4570
102143
530936
203724
113855
25709
359592
461365
254597
467743
396767
290499
515092
154584
50275
520343
209514
78386
46967
266317
87953
559360
269912
552369
525528
102650
152994
131887
144467
306767
436235
505167
265006
467206
124973
166813
75486
288365
425966
43689
448635
502498
543829
371486
437497
545949
443341
238725
534146
538697
148479
285942
227679
198002
484828
152358
486720
69824
489589
167131
418887
345284
191575
345694
423962
143764
425589
392926
413786
232023
403666
299437
217358
244307
73890
546235
550634
159854
460561
73395
253267
369156
398685
121153
408776
258684
290163
34956
89746
314505
509114
235072
125507
169013
120702
2611
338473
551753
87385
512970
265176
186104
517022
263245
261875
90503
413327
276532
337988
186740
63433
349500
169686
182650
555012
315126
123761
161714
457715
235314
54654
242130
120293
28566
153837
388943
451542
122492
45584
379622
527112
547662
487232
339240
226400
77052
94742
85825
72352
123575
365772
496014
87786
282725
513327
72581
247253
475390
243576
564761
503719
368850
139106
113536
134462
536629
152259
253707
76884
41281
513283
275644
249049
312339
531800
415492
231817
341222
28268
356193
485601
68598
301145
392017
541015
4903
563386
270894
464521
245011
193305
140840
319039
87366
494656
8087
246207
346609
130818
243587
441566
251281
216802
384016
535801
69301
104954
430914
381973
72590
262423
528979
406226
685
121271
79676
271618
394779
383079
37735
467951
138197
261971
390870
468127
42678
14715
421986
412178
83344
496035
